/*--------------------------------*- C++ -*----------------------------------*\
  =========                 |
  \\      /  F ield         | OpenFOAM: The Open Source CFD Toolbox
   \\    /   O peration     | Website:  https://openfoam.org
    \\  /    A nd           | Version:  6
     \\/     M anipulation  |
\*---------------------------------------------------------------------------*/
FoamFile
{
    version     2.0;
    format      ascii;
    class       vectorField;
    location    "constant/polyMesh";
    object      points;
}
// * * * * * * * * * * * * * * * * * * * * * * * * * * * * * * * * * * * * * //


1674
(
(-0.05 1.794896737e-10 0)
(-0.05 1.794896737e-10 0.01)
(-0.02 7.179586948e-11 0)
(-0.01995717846 0.001308062655 0)
(-0.01982889722 0.002610523913 0)
(-0.01961570559 0.003901806506 0)
(-0.01931851651 0.005176380966 0)
(-0.01893860257 0.006428789367 0)
(-0.01847759063 0.007653668705 0)
(-0.0179374548 0.008845773859 0)
(-0.01732050805 0.01000000005 0)
(-0.01662939221 0.01111140471 0)
(-0.01586706677 0.01217522863 0)
(-0.01503679611 0.01318691634 0)
(-0.01414213559 0.01414213566 0)
(-0.0225 8.077035316e-11 0)
(-0.02245182577 0.001471570487 0)
(-0.02230750937 0.002936839402 0)
(-0.02206766879 0.00438953232 0)
(-0.02173333107 0.005823428586 0)
(-0.02130592789 0.007232388038 0)
(-0.02078728945 0.008610377294 0)
(-0.02017963665 0.009951495592 0)
(-0.01948557155 0.01125000006 0)
(-0.01870806624 0.0125003303 0)
(-0.01785045012 0.0136971322 0)
(-0.01691639563 0.01483528089 0)
(-0.01590990253 0.01590990262 0)
(-0.025 8.974483685e-11 0)
(-0.02494647308 0.001635078318 0)
(-0.02478612152 0.003263154891 0)
(-0.02451963199 0.004877258133 0)
(-0.02414814564 0.006470476207 0)
(-0.02367325321 0.008035986709 0)
(-0.02309698828 0.009567085882 0)
(-0.0224218185 0.01105721732 0)
(-0.02165063506 0.01250000006 0)
(-0.02078674027 0.01388925589 0)
(-0.01983383346 0.01521903578 0)
(-0.01879599514 0.01648364543 0)
(-0.01767766948 0.01767766958 0)
(-0.0275 9.871932053e-11 0)
(-0.02744112038 0.00179858615 0)
(-0.02726473368 0.00358947038 0)
(-0.02697159519 0.005364983946 0)
(-0.0265629602 0.007117523828 0)
(-0.02604057853 0.00883958538 0)
(-0.02540668711 0.01052379447 0)
(-0.02466400035 0.01216293906 0)
(-0.02381569856 0.01375000007 0)
(-0.02286541429 0.01527818147 0)
(-0.02181721681 0.01674093936 0)
(-0.02067559466 0.01813200997 0)
(-0.01944543643 0.01944543653 0)
(-0.03 1.076938042e-10 0)
(-0.02993576769 0.001962093982 0)
(-0.02974334583 0.003915785869 0)
(-0.02942355839 0.00585270976 0)
(-0.02897777476 0.007764571448 0)
(-0.02840790385 0.00964318405 0)
(-0.02771638594 0.01148050306 0)
(-0.02690618221 0.01326866079 0)
(-0.02598076207 0.01500000008 0)
(-0.02494408832 0.01666710706 0)
(-0.02380060016 0.01826284294 0)
(-0.02255519417 0.01978037452 0)
(-0.02121320338 0.02121320349 0)
(-0.0325 1.166682879e-10 0)
(-0.032430415 0.002125601814 0)
(-0.03222195798 0.004242101358 0)
(-0.03187552159 0.006340435573 0)
(-0.03139258933 0.008411619069 0)
(-0.03077522917 0.01044678272 0)
(-0.03002608477 0.01243721165 0)
(-0.02914836406 0.01437438252 0)
(-0.02814582557 0.01625000008 0)
(-0.02702276235 0.01805603265 0)
(-0.0257839835 0.01978474652 0)
(-0.02443479368 0.02142873906 0)
(-0.02298097033 0.02298097045 0)
(-0.035 1.256427716e-10 0)
(-0.03492506231 0.002289109646 0)
(-0.03470057013 0.004568416847 0)
(-0.03432748479 0.006828161386 0)
(-0.03380740389 0.00905866669 0)
(-0.0331425545 0.01125038139 0)
(-0.0323357836 0.01339392023 0)
(-0.03139054591 0.01548010425 0)
(-0.03031088908 0.01750000009 0)
(-0.02910143637 0.01944495824 0)
(-0.02776736685 0.02130665009 0)
(-0.0263143932 0.0230771036 0)
(-0.02474873727 0.02474873741 0)
(-0.0375 1.346172553e-10 0)
(-0.03741970961 0.002452617478 0)
(-0.03717918228 0.004894732336 0)
(-0.03677944799 0.007315887199 0)
(-0.03622221845 0.009705714311 0)
(-0.03550987982 0.01205398006 0)
(-0.03464548242 0.01435062882 0)
(-0.03363272776 0.01658582599 0)
(-0.03247595259 0.0187500001 0)
(-0.0311801104 0.02083388383 0)
(-0.0297507502 0.02282855367 0)
(-0.02819399271 0.02472546814 0)
(-0.02651650422 0.02651650437 0)
(-0.04 1.43591739e-10 0)
(-0.03991435692 0.00261612531 0)
(-0.03965779444 0.005221047825 0)
(-0.03923141119 0.007803613013 0)
(-0.03863703302 0.01035276193 0)
(-0.03787720514 0.01285757873 0)
(-0.03695518125 0.01530733741 0)
(-0.03587490961 0.01769154772 0)
(-0.03464101609 0.0200000001 0)
(-0.03325878443 0.02222280942 0)
(-0.03173413354 0.02435045725 0)
(-0.03007359223 0.02637383269 0)
(-0.02828427117 0.02828427132 0)
(-0.0425 1.525662226e-10 0)
(-0.04240900423 0.002779633141 0)
(-0.04213640659 0.005547363314 0)
(-0.04168337439 0.008291338826 0)
(-0.04105184758 0.01099980955 0)
(-0.04024453046 0.0136611774 0)
(-0.03926488008 0.016264046 0)
(-0.03811709146 0.01879726945 0)
(-0.0368060796 0.02125000011 0)
(-0.03533745845 0.02361173501 0)
(-0.03371751689 0.02587236083 0)
(-0.03195319174 0.02802219723 0)
(-0.03005203812 0.03005203828 0)
(-0.045 1.615407063e-10 0)
(-0.04490365154 0.002943140973 0)
(-0.04461501874 0.005873678803 0)
(-0.04413533759 0.008779064639 0)
(-0.04346666214 0.01164685717 0)
(-0.04261185578 0.01446477608 0)
(-0.04157457891 0.01722075459 0)
(-0.04035927331 0.01990299118 0)
(-0.0389711431 0.02250000012 0)
(-0.03741613248 0.0250006606 0)
(-0.03570090024 0.02739426441 0)
(-0.03383279125 0.02967056177 0)
(-0.03181980507 0.03181980524 0)
(-0.0475 1.7051519e-10 0)
(-0.04739829884 0.003106648805 0)
(-0.04709363089 0.006199994292 0)
(-0.04658730079 0.009266790453 0)
(-0.04588147671 0.01229390479 0)
(-0.0449791811 0.01526837475 0)
(-0.04388427774 0.01817746318 0)
(-0.04260145516 0.02100871292 0)
(-0.04113620661 0.02375000012 0)
(-0.03949480651 0.02638958618 0)
(-0.03768428358 0.02891616799 0)
(-0.03571239077 0.03131892632 0)
(-0.03358757202 0.0335875722 0)
(-0.04989294615 0.003270156637 0)
(-0.04957224305 0.006526309782 0)
(-0.04903926399 0.009754516266 0)
(-0.04829629127 0.01294095241 0)
(-0.04734650642 0.01607197342 0)
(-0.04619397657 0.01913417176 0)
(-0.04484363701 0.02211443465 0)
(-0.04330127011 0.02500000013 0)
(-0.04157348053 0.02777851177 0)
(-0.03966766693 0.03043807156 0)
(-0.03759199028 0.03296729086 0)
(-0.03535533896 0.03535533915 0)
(-0.02 7.179586948e-11 0.01)
(-0.01995717846 0.001308062655 0.01)
(-0.01982889722 0.002610523913 0.01)
(-0.01961570559 0.003901806506 0.01)
(-0.01931851651 0.005176380966 0.01)
(-0.01893860257 0.006428789367 0.01)
(-0.01847759063 0.007653668705 0.01)
(-0.0179374548 0.008845773859 0.01)
(-0.01732050805 0.01000000005 0.01)
(-0.01662939221 0.01111140471 0.01)
(-0.01586706677 0.01217522863 0.01)
(-0.01503679611 0.01318691634 0.01)
(-0.01414213559 0.01414213566 0.01)
(-0.0225 8.077035316e-11 0.01)
(-0.02245182577 0.001471570487 0.01)
(-0.02230750937 0.002936839402 0.01)
(-0.02206766879 0.00438953232 0.01)
(-0.02173333107 0.005823428586 0.01)
(-0.02130592789 0.007232388038 0.01)
(-0.02078728945 0.008610377294 0.01)
(-0.02017963665 0.009951495592 0.01)
(-0.01948557155 0.01125000006 0.01)
(-0.01870806624 0.0125003303 0.01)
(-0.01785045012 0.0136971322 0.01)
(-0.01691639563 0.01483528089 0.01)
(-0.01590990253 0.01590990262 0.01)
(-0.025 8.974483685e-11 0.01)
(-0.02494647308 0.001635078318 0.01)
(-0.02478612152 0.003263154891 0.01)
(-0.02451963199 0.004877258133 0.01)
(-0.02414814564 0.006470476207 0.01)
(-0.02367325321 0.008035986709 0.01)
(-0.02309698828 0.009567085882 0.01)
(-0.0224218185 0.01105721732 0.01)
(-0.02165063506 0.01250000006 0.01)
(-0.02078674027 0.01388925589 0.01)
(-0.01983383346 0.01521903578 0.01)
(-0.01879599514 0.01648364543 0.01)
(-0.01767766948 0.01767766958 0.01)
(-0.0275 9.871932053e-11 0.01)
(-0.02744112038 0.00179858615 0.01)
(-0.02726473368 0.00358947038 0.01)
(-0.02697159519 0.005364983946 0.01)
(-0.0265629602 0.007117523828 0.01)
(-0.02604057853 0.00883958538 0.01)
(-0.02540668711 0.01052379447 0.01)
(-0.02466400035 0.01216293906 0.01)
(-0.02381569856 0.01375000007 0.01)
(-0.02286541429 0.01527818147 0.01)
(-0.02181721681 0.01674093936 0.01)
(-0.02067559466 0.01813200997 0.01)
(-0.01944543643 0.01944543653 0.01)
(-0.03 1.076938042e-10 0.01)
(-0.02993576769 0.001962093982 0.01)
(-0.02974334583 0.003915785869 0.01)
(-0.02942355839 0.00585270976 0.01)
(-0.02897777476 0.007764571448 0.01)
(-0.02840790385 0.00964318405 0.01)
(-0.02771638594 0.01148050306 0.01)
(-0.02690618221 0.01326866079 0.01)
(-0.02598076207 0.01500000008 0.01)
(-0.02494408832 0.01666710706 0.01)
(-0.02380060016 0.01826284294 0.01)
(-0.02255519417 0.01978037452 0.01)
(-0.02121320338 0.02121320349 0.01)
(-0.0325 1.166682879e-10 0.01)
(-0.032430415 0.002125601814 0.01)
(-0.03222195798 0.004242101358 0.01)
(-0.03187552159 0.006340435573 0.01)
(-0.03139258933 0.008411619069 0.01)
(-0.03077522917 0.01044678272 0.01)
(-0.03002608477 0.01243721165 0.01)
(-0.02914836406 0.01437438252 0.01)
(-0.02814582557 0.01625000008 0.01)
(-0.02702276235 0.01805603265 0.01)
(-0.0257839835 0.01978474652 0.01)
(-0.02443479368 0.02142873906 0.01)
(-0.02298097033 0.02298097045 0.01)
(-0.035 1.256427716e-10 0.01)
(-0.03492506231 0.002289109646 0.01)
(-0.03470057013 0.004568416847 0.01)
(-0.03432748479 0.006828161386 0.01)
(-0.03380740389 0.00905866669 0.01)
(-0.0331425545 0.01125038139 0.01)
(-0.0323357836 0.01339392023 0.01)
(-0.03139054591 0.01548010425 0.01)
(-0.03031088908 0.01750000009 0.01)
(-0.02910143637 0.01944495824 0.01)
(-0.02776736685 0.02130665009 0.01)
(-0.0263143932 0.0230771036 0.01)
(-0.02474873727 0.02474873741 0.01)
(-0.0375 1.346172553e-10 0.01)
(-0.03741970961 0.002452617478 0.01)
(-0.03717918228 0.004894732336 0.01)
(-0.03677944799 0.007315887199 0.01)
(-0.03622221845 0.009705714311 0.01)
(-0.03550987982 0.01205398006 0.01)
(-0.03464548242 0.01435062882 0.01)
(-0.03363272776 0.01658582599 0.01)
(-0.03247595259 0.0187500001 0.01)
(-0.0311801104 0.02083388383 0.01)
(-0.0297507502 0.02282855367 0.01)
(-0.02819399271 0.02472546814 0.01)
(-0.02651650422 0.02651650437 0.01)
(-0.04 1.43591739e-10 0.01)
(-0.03991435692 0.00261612531 0.01)
(-0.03965779444 0.005221047825 0.01)
(-0.03923141119 0.007803613013 0.01)
(-0.03863703302 0.01035276193 0.01)
(-0.03787720514 0.01285757873 0.01)
(-0.03695518125 0.01530733741 0.01)
(-0.03587490961 0.01769154772 0.01)
(-0.03464101609 0.0200000001 0.01)
(-0.03325878443 0.02222280942 0.01)
(-0.03173413354 0.02435045725 0.01)
(-0.03007359223 0.02637383269 0.01)
(-0.02828427117 0.02828427132 0.01)
(-0.0425 1.525662226e-10 0.01)
(-0.04240900423 0.002779633141 0.01)
(-0.04213640659 0.005547363314 0.01)
(-0.04168337439 0.008291338826 0.01)
(-0.04105184758 0.01099980955 0.01)
(-0.04024453046 0.0136611774 0.01)
(-0.03926488008 0.016264046 0.01)
(-0.03811709146 0.01879726945 0.01)
(-0.0368060796 0.02125000011 0.01)
(-0.03533745845 0.02361173501 0.01)
(-0.03371751689 0.02587236083 0.01)
(-0.03195319174 0.02802219723 0.01)
(-0.03005203812 0.03005203828 0.01)
(-0.045 1.615407063e-10 0.01)
(-0.04490365154 0.002943140973 0.01)
(-0.04461501874 0.005873678803 0.01)
(-0.04413533759 0.008779064639 0.01)
(-0.04346666214 0.01164685717 0.01)
(-0.04261185578 0.01446477608 0.01)
(-0.04157457891 0.01722075459 0.01)
(-0.04035927331 0.01990299118 0.01)
(-0.0389711431 0.02250000012 0.01)
(-0.03741613248 0.0250006606 0.01)
(-0.03570090024 0.02739426441 0.01)
(-0.03383279125 0.02967056177 0.01)
(-0.03181980507 0.03181980524 0.01)
(-0.0475 1.7051519e-10 0.01)
(-0.04739829884 0.003106648805 0.01)
(-0.04709363089 0.006199994292 0.01)
(-0.04658730079 0.009266790453 0.01)
(-0.04588147671 0.01229390479 0.01)
(-0.0449791811 0.01526837475 0.01)
(-0.04388427774 0.01817746318 0.01)
(-0.04260145516 0.02100871292 0.01)
(-0.04113620661 0.02375000012 0.01)
(-0.03949480651 0.02638958618 0.01)
(-0.03768428358 0.02891616799 0.01)
(-0.03571239077 0.03131892632 0.01)
(-0.03358757202 0.0335875722 0.01)
(-0.04989294615 0.003270156637 0.01)
(-0.04957224305 0.006526309782 0.01)
(-0.04903926399 0.009754516266 0.01)
(-0.04829629127 0.01294095241 0.01)
(-0.04734650642 0.01607197342 0.01)
(-0.04619397657 0.01913417176 0.01)
(-0.04484363701 0.02211443465 0.01)
(-0.04330127011 0.02500000013 0.01)
(-0.04157348053 0.02777851177 0.01)
(-0.03966766693 0.03043807156 0.01)
(-0.03759199028 0.03296729086 0.01)
(-0.03535533896 0.03535533915 0.01)
(-0.01318691626 0.01503679618 0)
(-0.01217522854 0.01586706684 0)
(-0.01111140462 0.01662939227 0)
(-0.009999999959 0.0173205081 0)
(-0.008845773763 0.01793745485 0)
(-0.007653668606 0.01847759067 0)
(-0.006428789265 0.0189386026 0)
(-0.005176380862 0.01931851654 0)
(-0.003901806401 0.01961570562 0)
(-0.002610523806 0.01982889723 0)
(-0.001308062547 0.01995717847 0)
(3.589793474e-11 0.02 0)
(-0.0148352808 0.01691639571 0)
(-0.01369713211 0.01785045019 0)
(-0.0125003302 0.01870806631 0)
(-0.01124999995 0.01948557161 0)
(-0.009951495483 0.02017963671 0)
(-0.008610377182 0.0207872895 0)
(-0.007232387923 0.02130592793 0)
(-0.005823428469 0.0217333311 0)
(-0.004389532201 0.02206766882 0)
(-0.002936839282 0.02230750939 0)
(-0.001471570366 0.02245182578 0)
(4.038517651e-11 0.0225 0)
(-0.01648364533 0.01879599523 0)
(-0.01521903567 0.01983383355 0)
(-0.01388925577 0.02078674034 0)
(-0.01249999995 0.02165063512 0)
(-0.0110572172 0.02242181856 0)
(-0.009567085757 0.02309698833 0)
(-0.008035986581 0.02367325325 0)
(-0.006470476077 0.02414814567 0)
(-0.004877258001 0.02451963202 0)
(-0.003263154757 0.02478612154 0)
(-0.001635078184 0.02494647308 0)
(4.487241821e-11 0.025 0)
(-0.01813200986 0.02067559475 0)
(-0.01674093924 0.0218172169 0)
(-0.01527818135 0.02286541438 0)
(-0.01374999994 0.02381569864 0)
(-0.01216293892 0.02466400042 0)
(-0.01052379433 0.02540668717 0)
(-0.008839585239 0.02604057858 0)
(-0.007117523685 0.02656296024 0)
(-0.005364983801 0.02697159522 0)
(-0.003589470233 0.02726473369 0)
(-0.001798586003 0.02744112039 0)
(4.935965991e-11 0.0275 0)
(-0.01978037439 0.02255519428 0)
(-0.01826284281 0.02380060026 0)
(-0.01666710693 0.02494408841 0)
(-0.01499999994 0.02598076215 0)
(-0.01326866064 0.02690618228 0)
(-0.01148050291 0.027716386 0)
(-0.009643183897 0.02840790391 0)
(-0.007764571292 0.0289777748 0)
(-0.005852709601 0.02942355842 0)
(-0.003915785709 0.02974334585 0)
(-0.001962093821 0.0299357677 0)
(5.384690161e-11 0.03 0)
(-0.02142873893 0.0244347938 0)
(-0.01978474638 0.02578398361 0)
(-0.01805603251 0.02702276244 0)
(-0.01624999993 0.02814582566 0)
(-0.01437438236 0.02914836413 0)
(-0.01243721148 0.03002608483 0)
(-0.01044678256 0.03077522923 0)
(-0.0084116189 0.03139258937 0)
(-0.006340435401 0.03187552163 0)
(-0.004242101184 0.032221958 0)
(-0.002125601639 0.03243041501 0)
(5.83341433e-11 0.0325 0)
(-0.02307710346 0.02631439332 0)
(-0.02130664994 0.02776736696 0)
(-0.01944495808 0.02910143648 0)
(-0.01749999993 0.03031088917 0)
(-0.01548010408 0.03139054599 0)
(-0.01339392006 0.03233578367 0)
(-0.01125038121 0.03314255456 0)
(-0.009058666508 0.03380740394 0)
(-0.006828161201 0.03432748483 0)
(-0.00456841666 0.03470057016 0)
(-0.002289109458 0.03492506232 0)
(6.2821385e-11 0.035 0)
(-0.02472546799 0.02819399285 0)
(-0.02282855351 0.02975075032 0)
(-0.02083388366 0.03118011051 0)
(-0.01874999992 0.03247595269 0)
(-0.01658582581 0.03363272785 0)
(-0.01435062864 0.0346454825 0)
(-0.01205397987 0.03550987988 0)
(-0.009705714115 0.03622221851 0)
(-0.007315887001 0.03677944803 0)
(-0.004894732136 0.03717918231 0)
(-0.002452617276 0.03741970963 0)
(6.73086267e-11 0.0375 0)
(-0.02637383253 0.03007359237 0)
(-0.02435045708 0.03173413367 0)
(-0.02222280924 0.03325878455 0)
(-0.01999999992 0.0346410162 0)
(-0.01769154753 0.0358749097 0)
(-0.01530733721 0.03695518133 0)
(-0.01285757853 0.03787720521 0)
(-0.01035276172 0.03863703307 0)
(-0.007803612801 0.03923141123 0)
(-0.005221047612 0.03965779447 0)
(-0.002616125095 0.03991435693 0)
(7.17958684e-11 0.04 0)
(-0.02802219706 0.03195319189 0)
(-0.02587236065 0.03371751703 0)
(-0.02361173482 0.03533745858 0)
(-0.02124999991 0.03680607971 0)
(-0.01879726925 0.03811709156 0)
(-0.01626404579 0.03926488017 0)
(-0.01366117719 0.04024453053 0)
(-0.01099980933 0.04105184764 0)
(-0.008291338602 0.04168337443 0)
(-0.005547363087 0.04213640662 0)
(-0.002779632913 0.04240900424 0)
(7.62831101e-11 0.0425 0)
(-0.02967056159 0.03383279141 0)
(-0.02739426421 0.03570090038 0)
(-0.02500066039 0.03741613262 0)
(-0.02249999991 0.03897114322 0)
(-0.01990299097 0.04035927342 0)
(-0.01722075436 0.041574579 0)
(-0.01446477585 0.04261185586 0)
(-0.01164685694 0.04346666221 0)
(-0.008779064402 0.04413533764 0)
(-0.005873678563 0.04461501877 0)
(-0.002943140731 0.04490365155 0)
(8.077035179e-11 0.045 0)
(-0.03131892612 0.03571239094 0)
(-0.02891616778 0.03768428374 0)
(-0.02638958597 0.03949480665 0)
(-0.0237499999 0.04113620674 0)
(-0.02100871269 0.04260145527 0)
(-0.01817746294 0.04388427784 0)
(-0.0152683745 0.04497918118 0)
(-0.01229390455 0.04588147677 0)
(-0.009266790202 0.04658730084 0)
(-0.006199994039 0.04709363093 0)
(-0.00310664855 0.04739829886 0)
(8.525759349e-11 0.0475 0)
(-0.03296729066 0.03759199046 0)
(-0.03043807135 0.03966766709 0)
(-0.02777851155 0.04157348068 0)
(-0.0249999999 0.04330127025 0)
(-0.02211443441 0.04484363713 0)
(-0.01913417151 0.04619397667 0)
(-0.01607197316 0.04734650651 0)
(-0.01294095215 0.04829629134 0)
(-0.009754516002 0.04903926404 0)
(-0.006526309515 0.04957224308 0)
(-0.003270156368 0.04989294617 0)
(8.974483685e-11 0.05 0)
(-0.01318691626 0.01503679618 0.01)
(-0.01217522854 0.01586706684 0.01)
(-0.01111140462 0.01662939227 0.01)
(-0.009999999959 0.0173205081 0.01)
(-0.008845773763 0.01793745485 0.01)
(-0.007653668606 0.01847759067 0.01)
(-0.006428789265 0.0189386026 0.01)
(-0.005176380862 0.01931851654 0.01)
(-0.003901806401 0.01961570562 0.01)
(-0.002610523806 0.01982889723 0.01)
(-0.001308062547 0.01995717847 0.01)
(3.589793474e-11 0.02 0.01)
(-0.0148352808 0.01691639571 0.01)
(-0.01369713211 0.01785045019 0.01)
(-0.0125003302 0.01870806631 0.01)
(-0.01124999995 0.01948557161 0.01)
(-0.009951495483 0.02017963671 0.01)
(-0.008610377182 0.0207872895 0.01)
(-0.007232387923 0.02130592793 0.01)
(-0.005823428469 0.0217333311 0.01)
(-0.004389532201 0.02206766882 0.01)
(-0.002936839282 0.02230750939 0.01)
(-0.001471570366 0.02245182578 0.01)
(4.038517651e-11 0.0225 0.01)
(-0.01648364533 0.01879599523 0.01)
(-0.01521903567 0.01983383355 0.01)
(-0.01388925577 0.02078674034 0.01)
(-0.01249999995 0.02165063512 0.01)
(-0.0110572172 0.02242181856 0.01)
(-0.009567085757 0.02309698833 0.01)
(-0.008035986581 0.02367325325 0.01)
(-0.006470476077 0.02414814567 0.01)
(-0.004877258001 0.02451963202 0.01)
(-0.003263154757 0.02478612154 0.01)
(-0.001635078184 0.02494647308 0.01)
(4.487241821e-11 0.025 0.01)
(-0.01813200986 0.02067559475 0.01)
(-0.01674093924 0.0218172169 0.01)
(-0.01527818135 0.02286541438 0.01)
(-0.01374999994 0.02381569864 0.01)
(-0.01216293892 0.02466400042 0.01)
(-0.01052379433 0.02540668717 0.01)
(-0.008839585239 0.02604057858 0.01)
(-0.007117523685 0.02656296024 0.01)
(-0.005364983801 0.02697159522 0.01)
(-0.003589470233 0.02726473369 0.01)
(-0.001798586003 0.02744112039 0.01)
(4.935965991e-11 0.0275 0.01)
(-0.01978037439 0.02255519428 0.01)
(-0.01826284281 0.02380060026 0.01)
(-0.01666710693 0.02494408841 0.01)
(-0.01499999994 0.02598076215 0.01)
(-0.01326866064 0.02690618228 0.01)
(-0.01148050291 0.027716386 0.01)
(-0.009643183897 0.02840790391 0.01)
(-0.007764571292 0.0289777748 0.01)
(-0.005852709601 0.02942355842 0.01)
(-0.003915785709 0.02974334585 0.01)
(-0.001962093821 0.0299357677 0.01)
(5.384690161e-11 0.03 0.01)
(-0.02142873893 0.0244347938 0.01)
(-0.01978474638 0.02578398361 0.01)
(-0.01805603251 0.02702276244 0.01)
(-0.01624999993 0.02814582566 0.01)
(-0.01437438236 0.02914836413 0.01)
(-0.01243721148 0.03002608483 0.01)
(-0.01044678256 0.03077522923 0.01)
(-0.0084116189 0.03139258937 0.01)
(-0.006340435401 0.03187552163 0.01)
(-0.004242101184 0.032221958 0.01)
(-0.002125601639 0.03243041501 0.01)
(5.83341433e-11 0.0325 0.01)
(-0.02307710346 0.02631439332 0.01)
(-0.02130664994 0.02776736696 0.01)
(-0.01944495808 0.02910143648 0.01)
(-0.01749999993 0.03031088917 0.01)
(-0.01548010408 0.03139054599 0.01)
(-0.01339392006 0.03233578367 0.01)
(-0.01125038121 0.03314255456 0.01)
(-0.009058666508 0.03380740394 0.01)
(-0.006828161201 0.03432748483 0.01)
(-0.00456841666 0.03470057016 0.01)
(-0.002289109458 0.03492506232 0.01)
(6.2821385e-11 0.035 0.01)
(-0.02472546799 0.02819399285 0.01)
(-0.02282855351 0.02975075032 0.01)
(-0.02083388366 0.03118011051 0.01)
(-0.01874999992 0.03247595269 0.01)
(-0.01658582581 0.03363272785 0.01)
(-0.01435062864 0.0346454825 0.01)
(-0.01205397987 0.03550987988 0.01)
(-0.009705714115 0.03622221851 0.01)
(-0.007315887001 0.03677944803 0.01)
(-0.004894732136 0.03717918231 0.01)
(-0.002452617276 0.03741970963 0.01)
(6.73086267e-11 0.0375 0.01)
(-0.02637383253 0.03007359237 0.01)
(-0.02435045708 0.03173413367 0.01)
(-0.02222280924 0.03325878455 0.01)
(-0.01999999992 0.0346410162 0.01)
(-0.01769154753 0.0358749097 0.01)
(-0.01530733721 0.03695518133 0.01)
(-0.01285757853 0.03787720521 0.01)
(-0.01035276172 0.03863703307 0.01)
(-0.007803612801 0.03923141123 0.01)
(-0.005221047612 0.03965779447 0.01)
(-0.002616125095 0.03991435693 0.01)
(7.17958684e-11 0.04 0.01)
(-0.02802219706 0.03195319189 0.01)
(-0.02587236065 0.03371751703 0.01)
(-0.02361173482 0.03533745858 0.01)
(-0.02124999991 0.03680607971 0.01)
(-0.01879726925 0.03811709156 0.01)
(-0.01626404579 0.03926488017 0.01)
(-0.01366117719 0.04024453053 0.01)
(-0.01099980933 0.04105184764 0.01)
(-0.008291338602 0.04168337443 0.01)
(-0.005547363087 0.04213640662 0.01)
(-0.002779632913 0.04240900424 0.01)
(7.62831101e-11 0.0425 0.01)
(-0.02967056159 0.03383279141 0.01)
(-0.02739426421 0.03570090038 0.01)
(-0.02500066039 0.03741613262 0.01)
(-0.02249999991 0.03897114322 0.01)
(-0.01990299097 0.04035927342 0.01)
(-0.01722075436 0.041574579 0.01)
(-0.01446477585 0.04261185586 0.01)
(-0.01164685694 0.04346666221 0.01)
(-0.008779064402 0.04413533764 0.01)
(-0.005873678563 0.04461501877 0.01)
(-0.002943140731 0.04490365155 0.01)
(8.077035179e-11 0.045 0.01)
(-0.03131892612 0.03571239094 0.01)
(-0.02891616778 0.03768428374 0.01)
(-0.02638958597 0.03949480665 0.01)
(-0.0237499999 0.04113620674 0.01)
(-0.02100871269 0.04260145527 0.01)
(-0.01817746294 0.04388427784 0.01)
(-0.0152683745 0.04497918118 0.01)
(-0.01229390455 0.04588147677 0.01)
(-0.009266790202 0.04658730084 0.01)
(-0.006199994039 0.04709363093 0.01)
(-0.00310664855 0.04739829886 0.01)
(8.525759349e-11 0.0475 0.01)
(-0.03296729066 0.03759199046 0.01)
(-0.03043807135 0.03966766709 0.01)
(-0.02777851155 0.04157348068 0.01)
(-0.0249999999 0.04330127025 0.01)
(-0.02211443441 0.04484363713 0.01)
(-0.01913417151 0.04619397667 0.01)
(-0.01607197316 0.04734650651 0.01)
(-0.01294095215 0.04829629134 0.01)
(-0.009754516002 0.04903926404 0.01)
(-0.006526309515 0.04957224308 0.01)
(-0.003270156368 0.04989294617 0.01)
(8.974483685e-11 0.05 0.01)
(-0.0525 1.884641574e-10 0)
(-0.055 1.974386411e-10 0)
(-0.0575 2.064131248e-10 0)
(-0.06 2.153876084e-10 0)
(-0.0525 1.884641574e-10 0.01)
(-0.055 1.974386411e-10 0.01)
(-0.0575 2.064131248e-10 0.01)
(-0.06 2.153876084e-10 0.01)
(-0.05238759346 0.003433664469 0)
(-0.0520508552 0.006852625271 0)
(-0.05149122719 0.01024224208 0)
(-0.05071110584 0.01358800003 0)
(-0.04971383174 0.01687557209 0)
(-0.04850367539 0.02009088035 0)
(-0.04708581886 0.02322015638 0)
(-0.04546633362 0.02625000014 0)
(-0.04365215456 0.02916743736 0)
(-0.04165105027 0.03195997514 0)
(-0.0394715898 0.0346156554 0)
(-0.03712310591 0.03712310611 0)
(-0.05488224077 0.003597172301 0)
(-0.05452946735 0.00717894076 0)
(-0.05394319039 0.01072996789 0)
(-0.0531259204 0.01423504766 0)
(-0.05208115707 0.01767917076 0)
(-0.05081337422 0.02104758894 0)
(-0.04932800071 0.02432587811 0)
(-0.04763139713 0.02750000014 0)
(-0.04573082859 0.03055636295 0)
(-0.04363443362 0.03348187872 0)
(-0.04135118931 0.03626401994 0)
(-0.03889087286 0.03889087307 0)
(-0.05737688807 0.003760680132 0)
(-0.0570080795 0.007505256249 0)
(-0.05639515359 0.01121769371 0)
(-0.05554073496 0.01488209528 0)
(-0.05444848239 0.01848276943 0)
(-0.05312307305 0.02200429753 0)
(-0.05157018256 0.02543159985 0)
(-0.04979646063 0.02875000015 0)
(-0.04780950261 0.03194528854 0)
(-0.04561781697 0.0350037823 0)
(-0.04323078883 0.03791238449 0)
(-0.04065863981 0.04065864003 0)
(-0.05987153538 0.003924187964 0)
(-0.05948669166 0.007831571738 0)
(-0.05884711678 0.01170541952 0)
(-0.05795554953 0.0155291429 0)
(-0.05681580771 0.0192863681 0)
(-0.05543277188 0.02296100612 0)
(-0.05381236441 0.02653732158 0)
(-0.05196152414 0.03000000016 0)
(-0.04988817664 0.03333421413 0)
(-0.04760120031 0.03652568588 0)
(-0.04511038834 0.03956074903 0)
(-0.04242640676 0.04242640699 0)
(-0.05238759346 0.003433664469 0.01)
(-0.0520508552 0.006852625271 0.01)
(-0.05149122719 0.01024224208 0.01)
(-0.05071110584 0.01358800003 0.01)
(-0.04971383174 0.01687557209 0.01)
(-0.04850367539 0.02009088035 0.01)
(-0.04708581886 0.02322015638 0.01)
(-0.04546633362 0.02625000014 0.01)
(-0.04365215456 0.02916743736 0.01)
(-0.04165105027 0.03195997514 0.01)
(-0.0394715898 0.0346156554 0.01)
(-0.03712310591 0.03712310611 0.01)
(-0.05488224077 0.003597172301 0.01)
(-0.05452946735 0.00717894076 0.01)
(-0.05394319039 0.01072996789 0.01)
(-0.0531259204 0.01423504766 0.01)
(-0.05208115707 0.01767917076 0.01)
(-0.05081337422 0.02104758894 0.01)
(-0.04932800071 0.02432587811 0.01)
(-0.04763139713 0.02750000014 0.01)
(-0.04573082859 0.03055636295 0.01)
(-0.04363443362 0.03348187872 0.01)
(-0.04135118931 0.03626401994 0.01)
(-0.03889087286 0.03889087307 0.01)
(-0.05737688807 0.003760680132 0.01)
(-0.0570080795 0.007505256249 0.01)
(-0.05639515359 0.01121769371 0.01)
(-0.05554073496 0.01488209528 0.01)
(-0.05444848239 0.01848276943 0.01)
(-0.05312307305 0.02200429753 0.01)
(-0.05157018256 0.02543159985 0.01)
(-0.04979646063 0.02875000015 0.01)
(-0.04780950261 0.03194528854 0.01)
(-0.04561781697 0.0350037823 0.01)
(-0.04323078883 0.03791238449 0.01)
(-0.04065863981 0.04065864003 0.01)
(-0.05987153538 0.003924187964 0.01)
(-0.05948669166 0.007831571738 0.01)
(-0.05884711678 0.01170541952 0.01)
(-0.05795554953 0.0155291429 0.01)
(-0.05681580771 0.0192863681 0.01)
(-0.05543277188 0.02296100612 0.01)
(-0.05381236441 0.02653732158 0.01)
(-0.05196152414 0.03000000016 0.01)
(-0.04988817664 0.03333421413 0.01)
(-0.04760120031 0.03652568588 0.01)
(-0.04511038834 0.03956074903 0.01)
(-0.04242640676 0.04242640699 0.01)
(-0.03461565519 0.03947158998 0)
(-0.03195997492 0.04165105045 0)
(-0.02916743713 0.04365215472 0)
(-0.02624999989 0.04546633376 0)
(-0.02322015613 0.04708581898 0)
(-0.02009088009 0.0485036755 0)
(-0.01687557182 0.04971383184 0)
(-0.01358799976 0.05071110591 0)
(-0.0102422418 0.05149122724 0)
(-0.00685262499 0.05205085524 0)
(-0.003433664187 0.05238759348 0)
(9.423207869e-11 0.0525 0)
(-0.03626401972 0.04135118951 0)
(-0.03348187848 0.0436344338 0)
(-0.0305563627 0.04573082875 0)
(-0.02749999989 0.04763139727 0)
(-0.02432587785 0.04932800084 0)
(-0.02104758867 0.05081337434 0)
(-0.01767917048 0.05208115716 0)
(-0.01423504737 0.05312592048 0)
(-0.0107299676 0.05394319044 0)
(-0.007178940466 0.05452946739 0)
(-0.003597172005 0.05488224078 0)
(9.871932053e-11 0.055 0)
(-0.03791238426 0.04323078903 0)
(-0.03500378205 0.04561781716 0)
(-0.03194528828 0.04780950279 0)
(-0.02874999988 0.04979646079 0)
(-0.02543159957 0.0515701827 0)
(-0.02200429724 0.05312307317 0)
(-0.01848276914 0.05444848249 0)
(-0.01488209498 0.05554073504 0)
(-0.0112176934 0.05639515365 0)
(-0.007505255942 0.05700807954 0)
(-0.003760679823 0.05737688809 0)
(1.032065624e-10 0.0575 0)
(-0.03956074879 0.04511038855 0)
(-0.03652568562 0.04760120051 0)
(-0.03333421386 0.04988817682 0)
(-0.02999999988 0.0519615243 0)
(-0.02653732129 0.05381236455 0)
(-0.02296100582 0.055432772 0)
(-0.01928636779 0.05681580781 0)
(-0.01552914258 0.05795554961 0)
(-0.0117054192 0.05884711685 0)
(-0.007831571418 0.0594866917 0)
(-0.003924187642 0.0598715354 0)
(1.076938042e-10 0.06 0)
(-0.03461565519 0.03947158998 0.01)
(-0.03195997492 0.04165105045 0.01)
(-0.02916743713 0.04365215472 0.01)
(-0.02624999989 0.04546633376 0.01)
(-0.02322015613 0.04708581898 0.01)
(-0.02009088009 0.0485036755 0.01)
(-0.01687557182 0.04971383184 0.01)
(-0.01358799976 0.05071110591 0.01)
(-0.0102422418 0.05149122724 0.01)
(-0.00685262499 0.05205085524 0.01)
(-0.003433664187 0.05238759348 0.01)
(9.423207869e-11 0.0525 0.01)
(-0.03626401972 0.04135118951 0.01)
(-0.03348187848 0.0436344338 0.01)
(-0.0305563627 0.04573082875 0.01)
(-0.02749999989 0.04763139727 0.01)
(-0.02432587785 0.04932800084 0.01)
(-0.02104758867 0.05081337434 0.01)
(-0.01767917048 0.05208115716 0.01)
(-0.01423504737 0.05312592048 0.01)
(-0.0107299676 0.05394319044 0.01)
(-0.007178940466 0.05452946739 0.01)
(-0.003597172005 0.05488224078 0.01)
(9.871932053e-11 0.055 0.01)
(-0.03791238426 0.04323078903 0.01)
(-0.03500378205 0.04561781716 0.01)
(-0.03194528828 0.04780950279 0.01)
(-0.02874999988 0.04979646079 0.01)
(-0.02543159957 0.0515701827 0.01)
(-0.02200429724 0.05312307317 0.01)
(-0.01848276914 0.05444848249 0.01)
(-0.01488209498 0.05554073504 0.01)
(-0.0112176934 0.05639515365 0.01)
(-0.007505255942 0.05700807954 0.01)
(-0.003760679823 0.05737688809 0.01)
(1.032065624e-10 0.0575 0.01)
(-0.03956074879 0.04511038855 0.01)
(-0.03652568562 0.04760120051 0.01)
(-0.03333421386 0.04988817682 0.01)
(-0.02999999988 0.0519615243 0.01)
(-0.02653732129 0.05381236455 0.01)
(-0.02296100582 0.055432772 0.01)
(-0.01928636779 0.05681580781 0.01)
(-0.01552914258 0.05795554961 0.01)
(-0.0117054192 0.05884711685 0.01)
(-0.007831571418 0.0594866917 0.01)
(-0.003924187642 0.0598715354 0.01)
(1.076938042e-10 0.06 0.01)
(-0.0625 2.243620921e-10 0)
(-0.065 2.333365758e-10 0)
(-0.0675 2.423110595e-10 0)
(-0.07 2.512855432e-10 0)
(-0.0625 2.243620921e-10 0.01)
(-0.065 2.333365758e-10 0.01)
(-0.0675 2.423110595e-10 0.01)
(-0.07 2.512855432e-10 0.01)
(-0.06236618269 0.004087695796 0)
(-0.06196530381 0.008157887227 0)
(-0.06129907998 0.01219314533 0)
(-0.06037036409 0.01617619052 0)
(-0.05918313303 0.02008996677 0)
(-0.05774247071 0.0239177147 0)
(-0.05605454626 0.02764304331 0)
(-0.05412658764 0.03125000016 0)
(-0.05196685067 0.03472313972 0)
(-0.04958458366 0.03804758945 0)
(-0.04698998785 0.04120911357 0)
(-0.04419417371 0.04419417394 0)
(-0.06486083 0.004251203628 0)
(-0.06444391596 0.008484202716 0)
(-0.06375104318 0.01268087115 0)
(-0.06278517865 0.01682323814 0)
(-0.06155045835 0.02089356544 0)
(-0.06005216954 0.02487442329 0)
(-0.05829672811 0.02874876504 0)
(-0.05629165115 0.03250000017 0)
(-0.05404552469 0.0361120653 0)
(-0.05156796701 0.03956949303 0)
(-0.04886958737 0.04285747812 0)
(-0.04596194065 0.0459619409 0)
(-0.0673554773 0.00441471146 0)
(-0.06692252811 0.008810518205 0)
(-0.06620300638 0.01316859696 0)
(-0.06519999322 0.01747028576 0)
(-0.06391778367 0.02169716411 0)
(-0.06236186836 0.02583113188 0)
(-0.06053890996 0.02985448678 0)
(-0.05845671465 0.03375000017 0)
(-0.05612419872 0.03750099089 0)
(-0.05355135035 0.04109139661 0)
(-0.05074918688 0.04450584266 0)
(-0.0477297076 0.04772970786 0)
(-0.06985012461 0.004578219292 0)
(-0.06940114026 0.009136833694 0)
(-0.06865496958 0.01365632277 0)
(-0.06761480778 0.01811733338 0)
(-0.06628510899 0.02250076278 0)
(-0.06467156719 0.02678784047 0)
(-0.06278109181 0.03096020851 0)
(-0.06062177816 0.03500000018 0)
(-0.05820287275 0.03888991648 0)
(-0.0555347337 0.04261330019 0)
(-0.0526287864 0.0461542072 0)
(-0.04949747455 0.04949747482 0)
(-0.06236618269 0.004087695796 0.01)
(-0.06196530381 0.008157887227 0.01)
(-0.06129907998 0.01219314533 0.01)
(-0.06037036409 0.01617619052 0.01)
(-0.05918313303 0.02008996677 0.01)
(-0.05774247071 0.0239177147 0.01)
(-0.05605454626 0.02764304331 0.01)
(-0.05412658764 0.03125000016 0.01)
(-0.05196685067 0.03472313972 0.01)
(-0.04958458366 0.03804758945 0.01)
(-0.04698998785 0.04120911357 0.01)
(-0.04419417371 0.04419417394 0.01)
(-0.06486083 0.004251203628 0.01)
(-0.06444391596 0.008484202716 0.01)
(-0.06375104318 0.01268087115 0.01)
(-0.06278517865 0.01682323814 0.01)
(-0.06155045835 0.02089356544 0.01)
(-0.06005216954 0.02487442329 0.01)
(-0.05829672811 0.02874876504 0.01)
(-0.05629165115 0.03250000017 0.01)
(-0.05404552469 0.0361120653 0.01)
(-0.05156796701 0.03956949303 0.01)
(-0.04886958737 0.04285747812 0.01)
(-0.04596194065 0.0459619409 0.01)
(-0.0673554773 0.00441471146 0.01)
(-0.06692252811 0.008810518205 0.01)
(-0.06620300638 0.01316859696 0.01)
(-0.06519999322 0.01747028576 0.01)
(-0.06391778367 0.02169716411 0.01)
(-0.06236186836 0.02583113188 0.01)
(-0.06053890996 0.02985448678 0.01)
(-0.05845671465 0.03375000017 0.01)
(-0.05612419872 0.03750099089 0.01)
(-0.05355135035 0.04109139661 0.01)
(-0.05074918688 0.04450584266 0.01)
(-0.0477297076 0.04772970786 0.01)
(-0.06985012461 0.004578219292 0.01)
(-0.06940114026 0.009136833694 0.01)
(-0.06865496958 0.01365632277 0.01)
(-0.06761480778 0.01811733338 0.01)
(-0.06628510899 0.02250076278 0.01)
(-0.06467156719 0.02678784047 0.01)
(-0.06278109181 0.03096020851 0.01)
(-0.06062177816 0.03500000018 0.01)
(-0.05820287275 0.03888991648 0.01)
(-0.0555347337 0.04261330019 0.01)
(-0.0526287864 0.0461542072 0.01)
(-0.04949747455 0.04949747482 0.01)
(-0.04120911332 0.04698998808 0)
(-0.03804758919 0.04958458386 0)
(-0.03472313944 0.05196685085 0)
(-0.03124999987 0.05412658781 0)
(-0.02764304301 0.05605454641 0)
(-0.02391771439 0.05774247084 0)
(-0.02008996645 0.05918313314 0)
(-0.01617619019 0.06037036418 0)
(-0.012193145 0.06129908005 0)
(-0.008157886893 0.06196530385 0)
(-0.00408769546 0.06236618271 0)
(1.121810461e-10 0.0625 0)
(-0.04285747785 0.0488695876 0)
(-0.03956949275 0.05156796722 0)
(-0.03611206501 0.05404552489 0)
(-0.03249999987 0.05629165132 0)
(-0.02874876473 0.05829672827 0)
(-0.02487442297 0.06005216967 0)
(-0.02089356511 0.06155045846 0)
(-0.0168232378 0.06278517874 0)
(-0.0126808708 0.06375104325 0)
(-0.008484202369 0.06444391601 0)
(-0.004251203279 0.06486083002 0)
(1.166682879e-10 0.065 0)
(-0.04450584239 0.05074918712 0)
(-0.04109139632 0.05355135057 0)
(-0.03750099059 0.05612419892 0)
(-0.03374999986 0.05845671484 0)
(-0.02985448645 0.06053891012 0)
(-0.02583113154 0.0623618685 0)
(-0.02169716377 0.06391778379 0)
(-0.01747028541 0.06519999331 0)
(-0.0131685966 0.06620300645 0)
(-0.008810517845 0.06692252816 0)
(-0.004414711097 0.06735547733 0)
(1.211555297e-10 0.0675 0)
(-0.04615420692 0.05262878664 0)
(-0.04261329989 0.05553473393 0)
(-0.03888991617 0.05820287296 0)
(-0.03499999985 0.06062177835 0)
(-0.03096020817 0.06278109198 0)
(-0.02678784012 0.06467156734 0)
(-0.02250076243 0.06628510911 0)
(-0.01811733302 0.06761480788 0)
(-0.0136563224 0.06865496966 0)
(-0.00913683332 0.06940114031 0)
(-0.004578218916 0.06985012464 0)
(1.256427716e-10 0.07 0)
(-0.04120911332 0.04698998808 0.01)
(-0.03804758919 0.04958458386 0.01)
(-0.03472313944 0.05196685085 0.01)
(-0.03124999987 0.05412658781 0.01)
(-0.02764304301 0.05605454641 0.01)
(-0.02391771439 0.05774247084 0.01)
(-0.02008996645 0.05918313314 0.01)
(-0.01617619019 0.06037036418 0.01)
(-0.012193145 0.06129908005 0.01)
(-0.008157886893 0.06196530385 0.01)
(-0.00408769546 0.06236618271 0.01)
(1.121810461e-10 0.0625 0.01)
(-0.04285747785 0.0488695876 0.01)
(-0.03956949275 0.05156796722 0.01)
(-0.03611206501 0.05404552489 0.01)
(-0.03249999987 0.05629165132 0.01)
(-0.02874876473 0.05829672827 0.01)
(-0.02487442297 0.06005216967 0.01)
(-0.02089356511 0.06155045846 0.01)
(-0.0168232378 0.06278517874 0.01)
(-0.0126808708 0.06375104325 0.01)
(-0.008484202369 0.06444391601 0.01)
(-0.004251203279 0.06486083002 0.01)
(1.166682879e-10 0.065 0.01)
(-0.04450584239 0.05074918712 0.01)
(-0.04109139632 0.05355135057 0.01)
(-0.03750099059 0.05612419892 0.01)
(-0.03374999986 0.05845671484 0.01)
(-0.02985448645 0.06053891012 0.01)
(-0.02583113154 0.0623618685 0.01)
(-0.02169716377 0.06391778379 0.01)
(-0.01747028541 0.06519999331 0.01)
(-0.0131685966 0.06620300645 0.01)
(-0.008810517845 0.06692252816 0.01)
(-0.004414711097 0.06735547733 0.01)
(1.211555297e-10 0.0675 0.01)
(-0.04615420692 0.05262878664 0.01)
(-0.04261329989 0.05553473393 0.01)
(-0.03888991617 0.05820287296 0.01)
(-0.03499999985 0.06062177835 0.01)
(-0.03096020817 0.06278109198 0.01)
(-0.02678784012 0.06467156734 0.01)
(-0.02250076243 0.06628510911 0.01)
(-0.01811733302 0.06761480788 0.01)
(-0.0136563224 0.06865496966 0.01)
(-0.00913683332 0.06940114031 0.01)
(-0.004578218916 0.06985012464 0.01)
(1.256427716e-10 0.07 0.01)
(-0.0725 2.602600269e-10 0)
(-0.075 2.692345105e-10 0)
(-0.0775 2.782089942e-10 0)
(-0.08 2.871834779e-10 0)
(-0.0825 2.961579616e-10 0)
(-0.085 3.051324453e-10 0)
(-0.0875 3.14106929e-10 0)
(-0.09 3.230814127e-10 0)
(-0.0925 3.320558963e-10 0)
(-0.095 3.4103038e-10 0)
(-0.0975 3.500048637e-10 0)
(-0.1 3.589793474e-10 0)
(-0.0725 2.602600269e-10 0.01)
(-0.075 2.692345105e-10 0.01)
(-0.0775 2.782089942e-10 0.01)
(-0.08 2.871834779e-10 0.01)
(-0.0825 2.961579616e-10 0.01)
(-0.085 3.051324453e-10 0.01)
(-0.0875 3.14106929e-10 0.01)
(-0.09 3.230814127e-10 0.01)
(-0.0925 3.320558963e-10 0.01)
(-0.095 3.4103038e-10 0.01)
(-0.0975 3.500048637e-10 0.01)
(-0.1 3.589793474e-10 0.01)
(-0.07234477192 0.004741727123 0)
(-0.07187975242 0.009463149183 0)
(-0.07110693278 0.01414404859 0)
(-0.07002962234 0.018764381 0)
(-0.06865243431 0.02330436146 0)
(-0.06698126602 0.02774454906 0)
(-0.06502327366 0.03206593024 0)
(-0.06278684167 0.03625000019 0)
(-0.06028154677 0.04027884207 0)
(-0.05751811705 0.04413520377 0)
(-0.05450838591 0.04780257175 0)
(-0.0512652415 0.05126524177 0)
(-0.07483941923 0.004905234955 0)
(-0.07435836457 0.009789464672 0)
(-0.07355889598 0.0146317744 0)
(-0.07244443691 0.01941142862 0)
(-0.07101975963 0.02410796013 0)
(-0.06929096485 0.02870125765 0)
(-0.06726545551 0.03317165197 0)
(-0.06495190517 0.03750000019 0)
(-0.0623602208 0.04166776766 0)
(-0.05950150039 0.04565710734 0)
(-0.05638798542 0.04945093629 0)
(-0.05303300845 0.05303300873 0)
(-0.07733406653 0.005068742787 0)
(-0.07683697672 0.01011578016 0)
(-0.07601085918 0.01511950021 0)
(-0.07485925147 0.02005847624 0)
(-0.07338708496 0.0249115588 0)
(-0.07160066368 0.02965796623 0)
(-0.06950763736 0.03427737371 0)
(-0.06711696868 0.0387500002 0)
(-0.06443889483 0.04305669325 0)
(-0.06148488374 0.04717901092 0)
(-0.05826758494 0.05109930083 0)
(-0.05480077539 0.05480077569 0)
(-0.07982871384 0.005232250619 0)
(-0.07931558887 0.01044209565 0)
(-0.07846282238 0.01560722603 0)
(-0.07727406603 0.02070552386 0)
(-0.07575441028 0.02571515747 0)
(-0.0739103625 0.03061467482 0)
(-0.07174981921 0.03538309544 0)
(-0.06928203218 0.04000000021 0)
(-0.06651756885 0.04444561884 0)
(-0.06346826708 0.0487009145 0)
(-0.06014718445 0.05274766537 0)
(-0.05656854234 0.05656854265 0)
(-0.08232336115 0.005395758451 0)
(-0.08179420103 0.01076841114 0)
(-0.08091478558 0.01609495184 0)
(-0.0796888806 0.02135257148 0)
(-0.0781217356 0.02651875614 0)
(-0.07622006133 0.03157138341 0)
(-0.07399200106 0.03648881717 0)
(-0.07144709569 0.04125000021 0)
(-0.06859624288 0.04583454442 0)
(-0.06545165043 0.05022281808 0)
(-0.06202678397 0.05439602992 0)
(-0.05833630929 0.0583363096 0)
(-0.08481800846 0.005559266283 0)
(-0.08427281318 0.01109472663 0)
(-0.08336674878 0.01658267765 0)
(-0.08210369516 0.0219996191 0)
(-0.08048906092 0.02732235481 0)
(-0.07852976016 0.032528092 0)
(-0.07623418292 0.0375945389 0)
(-0.07361215919 0.04250000022 0)
(-0.07067491691 0.04722347001 0)
(-0.06743503378 0.05174472166 0)
(-0.06390638348 0.05604439446 0)
(-0.06010407624 0.06010407656 0)
(-0.08731265576 0.005722774115 0)
(-0.08675142533 0.01142104212 0)
(-0.08581871198 0.01707040347 0)
(-0.08451850973 0.02264666672 0)
(-0.08285638624 0.02812595348 0)
(-0.08083945899 0.03348480059 0)
(-0.07847636477 0.03870026063 0)
(-0.0757772227 0.04375000023 0)
(-0.07275359093 0.0486123956 0)
(-0.06941841712 0.05326662524 0)
(-0.06578598299 0.057692759 0)
(-0.06187184319 0.06187184352 0)
(-0.08980730307 0.005886281946 0)
(-0.08923003748 0.01174735761 0)
(-0.08827067518 0.01755812928 0)
(-0.08693332429 0.02329371435 0)
(-0.08522371156 0.02892955215 0)
(-0.08314915782 0.03444150917 0)
(-0.08071854662 0.03980598237 0)
(-0.07794228621 0.04500000023 0)
(-0.07483226496 0.05000132119 0)
(-0.07140180047 0.05478852881 0)
(-0.06766558251 0.05934112355 0)
(-0.06363961014 0.06363961048 0)
(-0.09230195038 0.006049789778 0)
(-0.09170864964 0.0120736731 0)
(-0.09072263838 0.01804585509 0)
(-0.08934813885 0.02394076197 0)
(-0.08759103688 0.02973315082 0)
(-0.08545885665 0.03539821776 0)
(-0.08296072847 0.0409117041 0)
(-0.08010734971 0.04625000024 0)
(-0.07691093899 0.05139024678 0)
(-0.07338518382 0.05631043239 0)
(-0.06954518202 0.06098948809 0)
(-0.06540737708 0.06540737744 0)
(-0.09479659769 0.00621329761 0)
(-0.09418726179 0.01239998858 0)
(-0.09317460158 0.01853358091 0)
(-0.09176295342 0.02458780959 0)
(-0.0899583622 0.03053674949 0)
(-0.08776855547 0.03635492635 0)
(-0.08520291032 0.04201742583 0)
(-0.08227241322 0.04750000025 0)
(-0.07898961301 0.05277917237 0)
(-0.07536856716 0.05783233597 0)
(-0.07142478154 0.06263785263 0)
(-0.06717514403 0.06717514439 0)
(-0.09729124499 0.006376805442 0)
(-0.09666587394 0.01272630407 0)
(-0.09562656478 0.01902130672 0)
(-0.09417776798 0.02523485721 0)
(-0.09232568752 0.03134034816 0)
(-0.0900782543 0.03731163494 0)
(-0.08744509217 0.04312314756 0)
(-0.08443747672 0.04875000025 0)
(-0.08106828704 0.05416809796 0)
(-0.07735195051 0.05935423955 0)
(-0.07330438105 0.06428621718 0)
(-0.06894291098 0.06894291135 0)
(-0.0997858923 0.006540313274 0)
(-0.09914448609 0.01305261956 0)
(-0.09807852797 0.01950903253 0)
(-0.09659258254 0.02588190483 0)
(-0.09469301285 0.03214394683 0)
(-0.09238795313 0.03826834353 0)
(-0.08968727402 0.0442288693 0)
(-0.08660254023 0.05000000026 0)
(-0.08314696107 0.05555702354 0)
(-0.07933533386 0.06087614313 0)
(-0.07518398057 0.06593458172 0)
(-0.07071067793 0.07071067831 0)
(-0.07234477192 0.004741727123 0.01)
(-0.07187975242 0.009463149183 0.01)
(-0.07110693278 0.01414404859 0.01)
(-0.07002962234 0.018764381 0.01)
(-0.06865243431 0.02330436146 0.01)
(-0.06698126602 0.02774454906 0.01)
(-0.06502327366 0.03206593024 0.01)
(-0.06278684167 0.03625000019 0.01)
(-0.06028154677 0.04027884207 0.01)
(-0.05751811705 0.04413520377 0.01)
(-0.05450838591 0.04780257175 0.01)
(-0.0512652415 0.05126524177 0.01)
(-0.07483941923 0.004905234955 0.01)
(-0.07435836457 0.009789464672 0.01)
(-0.07355889598 0.0146317744 0.01)
(-0.07244443691 0.01941142862 0.01)
(-0.07101975963 0.02410796013 0.01)
(-0.06929096485 0.02870125765 0.01)
(-0.06726545551 0.03317165197 0.01)
(-0.06495190517 0.03750000019 0.01)
(-0.0623602208 0.04166776766 0.01)
(-0.05950150039 0.04565710734 0.01)
(-0.05638798542 0.04945093629 0.01)
(-0.05303300845 0.05303300873 0.01)
(-0.07733406653 0.005068742787 0.01)
(-0.07683697672 0.01011578016 0.01)
(-0.07601085918 0.01511950021 0.01)
(-0.07485925147 0.02005847624 0.01)
(-0.07338708496 0.0249115588 0.01)
(-0.07160066368 0.02965796623 0.01)
(-0.06950763736 0.03427737371 0.01)
(-0.06711696868 0.0387500002 0.01)
(-0.06443889483 0.04305669325 0.01)
(-0.06148488374 0.04717901092 0.01)
(-0.05826758494 0.05109930083 0.01)
(-0.05480077539 0.05480077569 0.01)
(-0.07982871384 0.005232250619 0.01)
(-0.07931558887 0.01044209565 0.01)
(-0.07846282238 0.01560722603 0.01)
(-0.07727406603 0.02070552386 0.01)
(-0.07575441028 0.02571515747 0.01)
(-0.0739103625 0.03061467482 0.01)
(-0.07174981921 0.03538309544 0.01)
(-0.06928203218 0.04000000021 0.01)
(-0.06651756885 0.04444561884 0.01)
(-0.06346826708 0.0487009145 0.01)
(-0.06014718445 0.05274766537 0.01)
(-0.05656854234 0.05656854265 0.01)
(-0.08232336115 0.005395758451 0.01)
(-0.08179420103 0.01076841114 0.01)
(-0.08091478558 0.01609495184 0.01)
(-0.0796888806 0.02135257148 0.01)
(-0.0781217356 0.02651875614 0.01)
(-0.07622006133 0.03157138341 0.01)
(-0.07399200106 0.03648881717 0.01)
(-0.07144709569 0.04125000021 0.01)
(-0.06859624288 0.04583454442 0.01)
(-0.06545165043 0.05022281808 0.01)
(-0.06202678397 0.05439602992 0.01)
(-0.05833630929 0.0583363096 0.01)
(-0.08481800846 0.005559266283 0.01)
(-0.08427281318 0.01109472663 0.01)
(-0.08336674878 0.01658267765 0.01)
(-0.08210369516 0.0219996191 0.01)
(-0.08048906092 0.02732235481 0.01)
(-0.07852976016 0.032528092 0.01)
(-0.07623418292 0.0375945389 0.01)
(-0.07361215919 0.04250000022 0.01)
(-0.07067491691 0.04722347001 0.01)
(-0.06743503378 0.05174472166 0.01)
(-0.06390638348 0.05604439446 0.01)
(-0.06010407624 0.06010407656 0.01)
(-0.08731265576 0.005722774115 0.01)
(-0.08675142533 0.01142104212 0.01)
(-0.08581871198 0.01707040347 0.01)
(-0.08451850973 0.02264666672 0.01)
(-0.08285638624 0.02812595348 0.01)
(-0.08083945899 0.03348480059 0.01)
(-0.07847636477 0.03870026063 0.01)
(-0.0757772227 0.04375000023 0.01)
(-0.07275359093 0.0486123956 0.01)
(-0.06941841712 0.05326662524 0.01)
(-0.06578598299 0.057692759 0.01)
(-0.06187184319 0.06187184352 0.01)
(-0.08980730307 0.005886281946 0.01)
(-0.08923003748 0.01174735761 0.01)
(-0.08827067518 0.01755812928 0.01)
(-0.08693332429 0.02329371435 0.01)
(-0.08522371156 0.02892955215 0.01)
(-0.08314915782 0.03444150917 0.01)
(-0.08071854662 0.03980598237 0.01)
(-0.07794228621 0.04500000023 0.01)
(-0.07483226496 0.05000132119 0.01)
(-0.07140180047 0.05478852881 0.01)
(-0.06766558251 0.05934112355 0.01)
(-0.06363961014 0.06363961048 0.01)
(-0.09230195038 0.006049789778 0.01)
(-0.09170864964 0.0120736731 0.01)
(-0.09072263838 0.01804585509 0.01)
(-0.08934813885 0.02394076197 0.01)
(-0.08759103688 0.02973315082 0.01)
(-0.08545885665 0.03539821776 0.01)
(-0.08296072847 0.0409117041 0.01)
(-0.08010734971 0.04625000024 0.01)
(-0.07691093899 0.05139024678 0.01)
(-0.07338518382 0.05631043239 0.01)
(-0.06954518202 0.06098948809 0.01)
(-0.06540737708 0.06540737744 0.01)
(-0.09479659769 0.00621329761 0.01)
(-0.09418726179 0.01239998858 0.01)
(-0.09317460158 0.01853358091 0.01)
(-0.09176295342 0.02458780959 0.01)
(-0.0899583622 0.03053674949 0.01)
(-0.08776855547 0.03635492635 0.01)
(-0.08520291032 0.04201742583 0.01)
(-0.08227241322 0.04750000025 0.01)
(-0.07898961301 0.05277917237 0.01)
(-0.07536856716 0.05783233597 0.01)
(-0.07142478154 0.06263785263 0.01)
(-0.06717514403 0.06717514439 0.01)
(-0.09729124499 0.006376805442 0.01)
(-0.09666587394 0.01272630407 0.01)
(-0.09562656478 0.01902130672 0.01)
(-0.09417776798 0.02523485721 0.01)
(-0.09232568752 0.03134034816 0.01)
(-0.0900782543 0.03731163494 0.01)
(-0.08744509217 0.04312314756 0.01)
(-0.08443747672 0.04875000025 0.01)
(-0.08106828704 0.05416809796 0.01)
(-0.07735195051 0.05935423955 0.01)
(-0.07330438105 0.06428621718 0.01)
(-0.06894291098 0.06894291135 0.01)
(-0.0997858923 0.006540313274 0.01)
(-0.09914448609 0.01305261956 0.01)
(-0.09807852797 0.01950903253 0.01)
(-0.09659258254 0.02588190483 0.01)
(-0.09469301285 0.03214394683 0.01)
(-0.09238795313 0.03826834353 0.01)
(-0.08968727402 0.0442288693 0.01)
(-0.08660254023 0.05000000026 0.01)
(-0.08314696107 0.05555702354 0.01)
(-0.07933533386 0.06087614313 0.01)
(-0.07518398057 0.06593458172 0.01)
(-0.07071067793 0.07071067831 0.01)
(-0.0512652415 0.05126524177 0)
(-0.04780257145 0.05450838617 0)
(-0.04413520346 0.05751811728 0)
(-0.04027884175 0.06028154699 0)
(-0.03624999985 0.06278684186 0)
(-0.03206592989 0.06502327384 0)
(-0.0277445487 0.06698126617 0)
(-0.02330436109 0.06865243444 0)
(-0.01876438062 0.07002962245 0)
(-0.0141440482 0.07110693286 0)
(-0.009463148796 0.07187975247 0)
(-0.004741726734 0.07234477194 0)
(1.301300134e-10 0.0725 0)
(-0.05303300845 0.05303300873 0)
(-0.04945093598 0.05638798569 0)
(-0.04565710702 0.05950150064 0)
(-0.04166776732 0.06236022103 0)
(-0.03749999984 0.06495190537 0)
(-0.03317165161 0.06726545569 0)
(-0.02870125727 0.069290965 0)
(-0.02410795974 0.07101975976 0)
(-0.01941142823 0.07244443701 0)
(-0.014631774 0.07355889606 0)
(-0.009789464272 0.07435836462 0)
(-0.004905234552 0.07483941925 0)
(1.346172553e-10 0.075 0)
(-0.05480077539 0.05480077569 0)
(-0.05109930052 0.05826758521 0)
(-0.04717901059 0.06148488399 0)
(-0.0430566929 0.06443889506 0)
(-0.03874999984 0.06711696889 0)
(-0.03427737333 0.06950763755 0)
(-0.02965796585 0.07160066384 0)
(-0.0249115584 0.07338708509 0)
(-0.02005847584 0.07485925158 0)
(-0.0151194998 0.07601085926 0)
(-0.01011577975 0.07683697678 0)
(-0.005068742371 0.07733406656 0)
(1.391044971e-10 0.0775 0)
(-0.05656854234 0.05656854265 0)
(-0.05274766505 0.06014718474 0)
(-0.04870091416 0.06346826735 0)
(-0.04444561848 0.06651756909 0)
(-0.03999999983 0.0692820324 0)
(-0.03538309505 0.0717498194 0)
(-0.03061467442 0.07391036267 0)
(-0.02571515706 0.07575441042 0)
(-0.02070552345 0.07727406615 0)
(-0.0156072256 0.07846282246 0)
(-0.01044209522 0.07931558893 0)
(-0.005232250189 0.07982871387 0)
(1.43591739e-10 0.08 0)
(-0.05833630929 0.0583363096 0)
(-0.05439602958 0.06202678426 0)
(-0.05022281773 0.0654516507 0)
(-0.04583454405 0.06859624313 0)
(-0.04124999983 0.07144709591 0)
(-0.03648881677 0.07399200126 0)
(-0.031571383 0.0762200615 0)
(-0.02651875572 0.07812173574 0)
(-0.02135257105 0.07968888071 0)
(-0.0160949514 0.08091478567 0)
(-0.0107684107 0.08179420108 0)
(-0.005395758008 0.08232336118 0)
(1.480789808e-10 0.0825 0)
(-0.06010407624 0.06010407656 0)
(-0.05604439412 0.06390638378 0)
(-0.05174472129 0.06743503406 0)
(-0.04722346963 0.07067491716 0)
(-0.04249999982 0.07361215942 0)
(-0.03759453849 0.07623418312 0)
(-0.03252809157 0.07852976034 0)
(-0.02732235438 0.08048906107 0)
(-0.02199961866 0.08210369528 0)
(-0.0165826772 0.08336674887 0)
(-0.01109472617 0.08427281324 0)
(-0.005559265826 0.08481800849 0)
(1.525662226e-10 0.085 0)
(-0.06187184319 0.06187184352 0)
(-0.05769275865 0.06578598331 0)
(-0.05326662486 0.06941841741 0)
(-0.04861239521 0.0727535912 0)
(-0.04374999982 0.07577722294 0)
(-0.03870026021 0.07847636497 0)
(-0.03348480015 0.08083945917 0)
(-0.02812595303 0.08285638639 0)
(-0.02264666627 0.08451850985 0)
(-0.017070403 0.08581871207 0)
(-0.01142104165 0.08675142539 0)
(-0.005722773644 0.08731265579 0)
(1.570534645e-10 0.0875 0)
(-0.06363961014 0.06363961048 0)
(-0.05934112318 0.06766558283 0)
(-0.05478852843 0.07140180077 0)
(-0.05000132079 0.07483226523 0)
(-0.04499999981 0.07794228645 0)
(-0.03980598193 0.08071854683 0)
(-0.03444150873 0.083149158 0)
(-0.02892955169 0.08522371172 0)
(-0.02329371388 0.08693332441 0)
(-0.0175581288 0.08827067527 0)
(-0.01174735713 0.08923003755 0)
(-0.005886281463 0.0898073031 0)
(1.615407063e-10 0.09 0)
(-0.06540737708 0.06540737744 0)
(-0.06098948771 0.06954518235 0)
(-0.056310432 0.07338518412 0)
(-0.05139024636 0.07691093926 0)
(-0.04624999981 0.08010734996 0)
(-0.04091170365 0.08296072869 0)
(-0.0353982173 0.08545885684 0)
(-0.02973315035 0.08759103704 0)
(-0.02394076148 0.08934813898 0)
(-0.0180458546 0.09072263847 0)
(-0.0120736726 0.0917086497 0)
(-0.006049789281 0.09230195041 0)
(1.660279482e-10 0.0925 0)
(-0.06717514403 0.06717514439 0)
(-0.06263785225 0.07142478187 0)
(-0.05783233556 0.07536856747 0)
(-0.05277917194 0.0789896133 0)
(-0.0474999998 0.08227241347 0)
(-0.04201742537 0.08520291054 0)
(-0.03635492588 0.08776855567 0)
(-0.03053674901 0.08995836237 0)
(-0.02458780909 0.09176295355 0)
(-0.0185335804 0.09317460168 0)
(-0.01239998808 0.09418726185 0)
(-0.0062132971 0.09479659772 0)
(1.7051519e-10 0.095 0)
(-0.06894291098 0.06894291135 0)
(-0.06428621678 0.0733043814 0)
(-0.05935423913 0.07735195083 0)
(-0.05416809752 0.08106828733 0)
(-0.0487499998 0.08443747699 0)
(-0.04312314709 0.0874450924 0)
(-0.03731163445 0.0900782545 0)
(-0.03134034767 0.09232568769 0)
(-0.0252348567 0.09417776812 0)
(-0.0190213062 0.09562656488 0)
(-0.01272630355 0.09666587401 0)
(-0.006376804918 0.09729124503 0)
(1.750024319e-10 0.0975 0)
(-0.07071067793 0.07071067831 0)
(-0.06593458131 0.07518398092 0)
(-0.0608761427 0.07933533418 0)
(-0.0555570231 0.08314696137 0)
(-0.04999999979 0.0866025405 0)
(-0.04422886881 0.08968727426 0)
(-0.03826834303 0.09238795334 0)
(-0.03214394632 0.09469301302 0)
(-0.02588190431 0.09659258268 0)
(-0.019509032 0.09807852808 0)
(-0.01305261903 0.09914448616 0)
(-0.006540312736 0.09978589234 0)
(1.794896737e-10 0.1 0)
(-0.0512652415 0.05126524177 0.01)
(-0.04780257145 0.05450838617 0.01)
(-0.04413520346 0.05751811728 0.01)
(-0.04027884175 0.06028154699 0.01)
(-0.03624999985 0.06278684186 0.01)
(-0.03206592989 0.06502327384 0.01)
(-0.0277445487 0.06698126617 0.01)
(-0.02330436109 0.06865243444 0.01)
(-0.01876438062 0.07002962245 0.01)
(-0.0141440482 0.07110693286 0.01)
(-0.009463148796 0.07187975247 0.01)
(-0.004741726734 0.07234477194 0.01)
(1.301300134e-10 0.0725 0.01)
(-0.05303300845 0.05303300873 0.01)
(-0.04945093598 0.05638798569 0.01)
(-0.04565710702 0.05950150064 0.01)
(-0.04166776732 0.06236022103 0.01)
(-0.03749999984 0.06495190537 0.01)
(-0.03317165161 0.06726545569 0.01)
(-0.02870125727 0.069290965 0.01)
(-0.02410795974 0.07101975976 0.01)
(-0.01941142823 0.07244443701 0.01)
(-0.014631774 0.07355889606 0.01)
(-0.009789464272 0.07435836462 0.01)
(-0.004905234552 0.07483941925 0.01)
(1.346172553e-10 0.075 0.01)
(-0.05480077539 0.05480077569 0.01)
(-0.05109930052 0.05826758521 0.01)
(-0.04717901059 0.06148488399 0.01)
(-0.0430566929 0.06443889506 0.01)
(-0.03874999984 0.06711696889 0.01)
(-0.03427737333 0.06950763755 0.01)
(-0.02965796585 0.07160066384 0.01)
(-0.0249115584 0.07338708509 0.01)
(-0.02005847584 0.07485925158 0.01)
(-0.0151194998 0.07601085926 0.01)
(-0.01011577975 0.07683697678 0.01)
(-0.005068742371 0.07733406656 0.01)
(1.391044971e-10 0.0775 0.01)
(-0.05656854234 0.05656854265 0.01)
(-0.05274766505 0.06014718474 0.01)
(-0.04870091416 0.06346826735 0.01)
(-0.04444561848 0.06651756909 0.01)
(-0.03999999983 0.0692820324 0.01)
(-0.03538309505 0.0717498194 0.01)
(-0.03061467442 0.07391036267 0.01)
(-0.02571515706 0.07575441042 0.01)
(-0.02070552345 0.07727406615 0.01)
(-0.0156072256 0.07846282246 0.01)
(-0.01044209522 0.07931558893 0.01)
(-0.005232250189 0.07982871387 0.01)
(1.43591739e-10 0.08 0.01)
(-0.05833630929 0.0583363096 0.01)
(-0.05439602958 0.06202678426 0.01)
(-0.05022281773 0.0654516507 0.01)
(-0.04583454405 0.06859624313 0.01)
(-0.04124999983 0.07144709591 0.01)
(-0.03648881677 0.07399200126 0.01)
(-0.031571383 0.0762200615 0.01)
(-0.02651875572 0.07812173574 0.01)
(-0.02135257105 0.07968888071 0.01)
(-0.0160949514 0.08091478567 0.01)
(-0.0107684107 0.08179420108 0.01)
(-0.005395758008 0.08232336118 0.01)
(1.480789808e-10 0.0825 0.01)
(-0.06010407624 0.06010407656 0.01)
(-0.05604439412 0.06390638378 0.01)
(-0.05174472129 0.06743503406 0.01)
(-0.04722346963 0.07067491716 0.01)
(-0.04249999982 0.07361215942 0.01)
(-0.03759453849 0.07623418312 0.01)
(-0.03252809157 0.07852976034 0.01)
(-0.02732235438 0.08048906107 0.01)
(-0.02199961866 0.08210369528 0.01)
(-0.0165826772 0.08336674887 0.01)
(-0.01109472617 0.08427281324 0.01)
(-0.005559265826 0.08481800849 0.01)
(1.525662226e-10 0.085 0.01)
(-0.06187184319 0.06187184352 0.01)
(-0.05769275865 0.06578598331 0.01)
(-0.05326662486 0.06941841741 0.01)
(-0.04861239521 0.0727535912 0.01)
(-0.04374999982 0.07577722294 0.01)
(-0.03870026021 0.07847636497 0.01)
(-0.03348480015 0.08083945917 0.01)
(-0.02812595303 0.08285638639 0.01)
(-0.02264666627 0.08451850985 0.01)
(-0.017070403 0.08581871207 0.01)
(-0.01142104165 0.08675142539 0.01)
(-0.005722773644 0.08731265579 0.01)
(1.570534645e-10 0.0875 0.01)
(-0.06363961014 0.06363961048 0.01)
(-0.05934112318 0.06766558283 0.01)
(-0.05478852843 0.07140180077 0.01)
(-0.05000132079 0.07483226523 0.01)
(-0.04499999981 0.07794228645 0.01)
(-0.03980598193 0.08071854683 0.01)
(-0.03444150873 0.083149158 0.01)
(-0.02892955169 0.08522371172 0.01)
(-0.02329371388 0.08693332441 0.01)
(-0.0175581288 0.08827067527 0.01)
(-0.01174735713 0.08923003755 0.01)
(-0.005886281463 0.0898073031 0.01)
(1.615407063e-10 0.09 0.01)
(-0.06540737708 0.06540737744 0.01)
(-0.06098948771 0.06954518235 0.01)
(-0.056310432 0.07338518412 0.01)
(-0.05139024636 0.07691093926 0.01)
(-0.04624999981 0.08010734996 0.01)
(-0.04091170365 0.08296072869 0.01)
(-0.0353982173 0.08545885684 0.01)
(-0.02973315035 0.08759103704 0.01)
(-0.02394076148 0.08934813898 0.01)
(-0.0180458546 0.09072263847 0.01)
(-0.0120736726 0.0917086497 0.01)
(-0.006049789281 0.09230195041 0.01)
(1.660279482e-10 0.0925 0.01)
(-0.06717514403 0.06717514439 0.01)
(-0.06263785225 0.07142478187 0.01)
(-0.05783233556 0.07536856747 0.01)
(-0.05277917194 0.0789896133 0.01)
(-0.0474999998 0.08227241347 0.01)
(-0.04201742537 0.08520291054 0.01)
(-0.03635492588 0.08776855567 0.01)
(-0.03053674901 0.08995836237 0.01)
(-0.02458780909 0.09176295355 0.01)
(-0.0185335804 0.09317460168 0.01)
(-0.01239998808 0.09418726185 0.01)
(-0.0062132971 0.09479659772 0.01)
(1.7051519e-10 0.095 0.01)
(-0.06894291098 0.06894291135 0.01)
(-0.06428621678 0.0733043814 0.01)
(-0.05935423913 0.07735195083 0.01)
(-0.05416809752 0.08106828733 0.01)
(-0.0487499998 0.08443747699 0.01)
(-0.04312314709 0.0874450924 0.01)
(-0.03731163445 0.0900782545 0.01)
(-0.03134034767 0.09232568769 0.01)
(-0.0252348567 0.09417776812 0.01)
(-0.0190213062 0.09562656488 0.01)
(-0.01272630355 0.09666587401 0.01)
(-0.006376804918 0.09729124503 0.01)
(1.750024319e-10 0.0975 0.01)
(-0.07071067793 0.07071067831 0.01)
(-0.06593458131 0.07518398092 0.01)
(-0.0608761427 0.07933533418 0.01)
(-0.0555570231 0.08314696137 0.01)
(-0.04999999979 0.0866025405 0.01)
(-0.04422886881 0.08968727426 0.01)
(-0.03826834303 0.09238795334 0.01)
(-0.03214394632 0.09469301302 0.01)
(-0.02588190431 0.09659258268 0.01)
(-0.019509032 0.09807852808 0.01)
(-0.01305261903 0.09914448616 0.01)
(-0.006540312736 0.09978589234 0.01)
(1.794896737e-10 0.1 0.01)
)


// ************************************************************************* //
