/*--------------------------------*- C++ -*----------------------------------*\
  =========                 |
  \\      /  F ield         | OpenFOAM: The Open Source CFD Toolbox
   \\    /   O peration     | Website:  https://openfoam.org
    \\  /    A nd           | Version:  6
     \\/     M anipulation  |
\*---------------------------------------------------------------------------*/
FoamFile
{
    version     2.0;
    format      ascii;
    class       vectorField;
    location    "constant/polyMesh";
    object      points;
}
// * * * * * * * * * * * * * * * * * * * * * * * * * * * * * * * * * * * * * //


1674
(
(8.974483685e-11 -0.05 0)
(8.974483685e-11 -0.05 0.01)
(3.589793474e-11 -0.02 0)
(-0.001308062547 -0.01995717847 0)
(-0.002610523806 -0.01982889723 0)
(-0.003901806401 -0.01961570562 0)
(-0.005176380862 -0.01931851654 0)
(-0.006428789265 -0.0189386026 0)
(-0.007653668606 -0.01847759067 0)
(-0.008845773763 -0.01793745485 0)
(-0.009999999959 -0.0173205081 0)
(-0.01111140462 -0.01662939227 0)
(-0.01217522854 -0.01586706684 0)
(-0.01318691626 -0.01503679618 0)
(-0.01414213559 -0.01414213566 0)
(4.038517658e-11 -0.0225 0)
(-0.001471570366 -0.02245182578 0)
(-0.002936839282 -0.02230750939 0)
(-0.004389532201 -0.02206766882 0)
(-0.005823428469 -0.0217333311 0)
(-0.007232387923 -0.02130592793 0)
(-0.008610377182 -0.0207872895 0)
(-0.009951495483 -0.02017963671 0)
(-0.01124999995 -0.01948557161 0)
(-0.0125003302 -0.01870806631 0)
(-0.01369713211 -0.01785045019 0)
(-0.0148352808 -0.01691639571 0)
(-0.01590990253 -0.01590990262 0)
(4.487241842e-11 -0.025 0)
(-0.001635078184 -0.02494647308 0)
(-0.003263154757 -0.02478612154 0)
(-0.004877258001 -0.02451963202 0)
(-0.006470476077 -0.02414814567 0)
(-0.008035986581 -0.02367325325 0)
(-0.009567085757 -0.02309698833 0)
(-0.0110572172 -0.02242181856 0)
(-0.01249999995 -0.02165063512 0)
(-0.01388925577 -0.02078674034 0)
(-0.01521903567 -0.01983383355 0)
(-0.01648364533 -0.01879599523 0)
(-0.01767766948 -0.01767766958 0)
(4.935966027e-11 -0.0275 0)
(-0.001798586003 -0.02744112039 0)
(-0.003589470233 -0.02726473369 0)
(-0.005364983801 -0.02697159522 0)
(-0.007117523685 -0.02656296024 0)
(-0.008839585239 -0.02604057858 0)
(-0.01052379433 -0.02540668717 0)
(-0.01216293892 -0.02466400042 0)
(-0.01374999994 -0.02381569864 0)
(-0.01527818135 -0.02286541438 0)
(-0.01674093924 -0.0218172169 0)
(-0.01813200986 -0.02067559475 0)
(-0.01944543643 -0.01944543653 0)
(5.384690211e-11 -0.03 0)
(-0.001962093821 -0.0299357677 0)
(-0.003915785709 -0.02974334585 0)
(-0.005852709601 -0.02942355842 0)
(-0.007764571292 -0.0289777748 0)
(-0.009643183897 -0.02840790391 0)
(-0.01148050291 -0.027716386 0)
(-0.01326866064 -0.02690618228 0)
(-0.01499999994 -0.02598076215 0)
(-0.01666710693 -0.02494408841 0)
(-0.01826284281 -0.02380060026 0)
(-0.01978037439 -0.02255519428 0)
(-0.02121320338 -0.02121320349 0)
(5.833414395e-11 -0.0325 0)
(-0.002125601639 -0.03243041501 0)
(-0.004242101184 -0.032221958 0)
(-0.006340435401 -0.03187552163 0)
(-0.0084116189 -0.03139258937 0)
(-0.01044678256 -0.03077522923 0)
(-0.01243721148 -0.03002608483 0)
(-0.01437438236 -0.02914836413 0)
(-0.01624999993 -0.02814582566 0)
(-0.01805603251 -0.02702276244 0)
(-0.01978474638 -0.02578398361 0)
(-0.02142873893 -0.0244347938 0)
(-0.02298097033 -0.02298097045 0)
(6.282138579e-11 -0.035 0)
(-0.002289109458 -0.03492506232 0)
(-0.00456841666 -0.03470057016 0)
(-0.006828161201 -0.03432748483 0)
(-0.009058666508 -0.03380740394 0)
(-0.01125038121 -0.03314255456 0)
(-0.01339392006 -0.03233578367 0)
(-0.01548010408 -0.03139054599 0)
(-0.01749999993 -0.03031088917 0)
(-0.01944495808 -0.02910143648 0)
(-0.02130664994 -0.02776736696 0)
(-0.02307710346 -0.02631439332 0)
(-0.02474873727 -0.02474873741 0)
(6.730862764e-11 -0.0375 0)
(-0.002452617276 -0.03741970963 0)
(-0.004894732136 -0.03717918231 0)
(-0.007315887001 -0.03677944803 0)
(-0.009705714115 -0.03622221851 0)
(-0.01205397987 -0.03550987988 0)
(-0.01435062864 -0.0346454825 0)
(-0.01658582581 -0.03363272785 0)
(-0.01874999992 -0.03247595269 0)
(-0.02083388366 -0.03118011051 0)
(-0.02282855351 -0.02975075032 0)
(-0.02472546799 -0.02819399285 0)
(-0.02651650422 -0.02651650437 0)
(7.179586948e-11 -0.04 0)
(-0.002616125095 -0.03991435693 0)
(-0.005221047612 -0.03965779447 0)
(-0.007803612801 -0.03923141123 0)
(-0.01035276172 -0.03863703307 0)
(-0.01285757853 -0.03787720521 0)
(-0.01530733721 -0.03695518133 0)
(-0.01769154753 -0.0358749097 0)
(-0.01999999992 -0.0346410162 0)
(-0.02222280924 -0.03325878455 0)
(-0.02435045708 -0.03173413367 0)
(-0.02637383253 -0.03007359237 0)
(-0.02828427117 -0.02828427132 0)
(7.628311132e-11 -0.0425 0)
(-0.002779632913 -0.04240900424 0)
(-0.005547363087 -0.04213640662 0)
(-0.008291338602 -0.04168337443 0)
(-0.01099980933 -0.04105184764 0)
(-0.01366117719 -0.04024453053 0)
(-0.01626404579 -0.03926488017 0)
(-0.01879726925 -0.03811709156 0)
(-0.02124999991 -0.03680607971 0)
(-0.02361173482 -0.03533745858 0)
(-0.02587236065 -0.03371751703 0)
(-0.02802219706 -0.03195319189 0)
(-0.03005203812 -0.03005203828 0)
(8.077035316e-11 -0.045 0)
(-0.002943140731 -0.04490365155 0)
(-0.005873678563 -0.04461501877 0)
(-0.008779064402 -0.04413533764 0)
(-0.01164685694 -0.04346666221 0)
(-0.01446477585 -0.04261185586 0)
(-0.01722075436 -0.041574579 0)
(-0.01990299097 -0.04035927342 0)
(-0.02249999991 -0.03897114322 0)
(-0.02500066039 -0.03741613262 0)
(-0.02739426421 -0.03570090038 0)
(-0.02967056159 -0.03383279141 0)
(-0.03181980507 -0.03181980524 0)
(8.525759501e-11 -0.0475 0)
(-0.00310664855 -0.04739829886 0)
(-0.006199994039 -0.04709363093 0)
(-0.009266790202 -0.04658730084 0)
(-0.01229390455 -0.04588147677 0)
(-0.0152683745 -0.04497918118 0)
(-0.01817746294 -0.04388427784 0)
(-0.02100871269 -0.04260145527 0)
(-0.0237499999 -0.04113620674 0)
(-0.02638958597 -0.03949480665 0)
(-0.02891616778 -0.03768428374 0)
(-0.03131892612 -0.03571239094 0)
(-0.03358757202 -0.0335875722 0)
(-0.003270156368 -0.04989294617 0)
(-0.006526309515 -0.04957224308 0)
(-0.009754516002 -0.04903926404 0)
(-0.01294095215 -0.04829629134 0)
(-0.01607197316 -0.04734650651 0)
(-0.01913417151 -0.04619397667 0)
(-0.02211443441 -0.04484363713 0)
(-0.0249999999 -0.04330127025 0)
(-0.02777851155 -0.04157348068 0)
(-0.03043807135 -0.03966766709 0)
(-0.03296729066 -0.03759199046 0)
(-0.03535533896 -0.03535533915 0)
(3.589793474e-11 -0.02 0.01)
(-0.001308062547 -0.01995717847 0.01)
(-0.002610523806 -0.01982889723 0.01)
(-0.003901806401 -0.01961570562 0.01)
(-0.005176380862 -0.01931851654 0.01)
(-0.006428789265 -0.0189386026 0.01)
(-0.007653668606 -0.01847759067 0.01)
(-0.008845773763 -0.01793745485 0.01)
(-0.009999999959 -0.0173205081 0.01)
(-0.01111140462 -0.01662939227 0.01)
(-0.01217522854 -0.01586706684 0.01)
(-0.01318691626 -0.01503679618 0.01)
(-0.01414213559 -0.01414213566 0.01)
(4.038517658e-11 -0.0225 0.01)
(-0.001471570366 -0.02245182578 0.01)
(-0.002936839282 -0.02230750939 0.01)
(-0.004389532201 -0.02206766882 0.01)
(-0.005823428469 -0.0217333311 0.01)
(-0.007232387923 -0.02130592793 0.01)
(-0.008610377182 -0.0207872895 0.01)
(-0.009951495483 -0.02017963671 0.01)
(-0.01124999995 -0.01948557161 0.01)
(-0.0125003302 -0.01870806631 0.01)
(-0.01369713211 -0.01785045019 0.01)
(-0.0148352808 -0.01691639571 0.01)
(-0.01590990253 -0.01590990262 0.01)
(4.487241842e-11 -0.025 0.01)
(-0.001635078184 -0.02494647308 0.01)
(-0.003263154757 -0.02478612154 0.01)
(-0.004877258001 -0.02451963202 0.01)
(-0.006470476077 -0.02414814567 0.01)
(-0.008035986581 -0.02367325325 0.01)
(-0.009567085757 -0.02309698833 0.01)
(-0.0110572172 -0.02242181856 0.01)
(-0.01249999995 -0.02165063512 0.01)
(-0.01388925577 -0.02078674034 0.01)
(-0.01521903567 -0.01983383355 0.01)
(-0.01648364533 -0.01879599523 0.01)
(-0.01767766948 -0.01767766958 0.01)
(4.935966027e-11 -0.0275 0.01)
(-0.001798586003 -0.02744112039 0.01)
(-0.003589470233 -0.02726473369 0.01)
(-0.005364983801 -0.02697159522 0.01)
(-0.007117523685 -0.02656296024 0.01)
(-0.008839585239 -0.02604057858 0.01)
(-0.01052379433 -0.02540668717 0.01)
(-0.01216293892 -0.02466400042 0.01)
(-0.01374999994 -0.02381569864 0.01)
(-0.01527818135 -0.02286541438 0.01)
(-0.01674093924 -0.0218172169 0.01)
(-0.01813200986 -0.02067559475 0.01)
(-0.01944543643 -0.01944543653 0.01)
(5.384690211e-11 -0.03 0.01)
(-0.001962093821 -0.0299357677 0.01)
(-0.003915785709 -0.02974334585 0.01)
(-0.005852709601 -0.02942355842 0.01)
(-0.007764571292 -0.0289777748 0.01)
(-0.009643183897 -0.02840790391 0.01)
(-0.01148050291 -0.027716386 0.01)
(-0.01326866064 -0.02690618228 0.01)
(-0.01499999994 -0.02598076215 0.01)
(-0.01666710693 -0.02494408841 0.01)
(-0.01826284281 -0.02380060026 0.01)
(-0.01978037439 -0.02255519428 0.01)
(-0.02121320338 -0.02121320349 0.01)
(5.833414395e-11 -0.0325 0.01)
(-0.002125601639 -0.03243041501 0.01)
(-0.004242101184 -0.032221958 0.01)
(-0.006340435401 -0.03187552163 0.01)
(-0.0084116189 -0.03139258937 0.01)
(-0.01044678256 -0.03077522923 0.01)
(-0.01243721148 -0.03002608483 0.01)
(-0.01437438236 -0.02914836413 0.01)
(-0.01624999993 -0.02814582566 0.01)
(-0.01805603251 -0.02702276244 0.01)
(-0.01978474638 -0.02578398361 0.01)
(-0.02142873893 -0.0244347938 0.01)
(-0.02298097033 -0.02298097045 0.01)
(6.282138579e-11 -0.035 0.01)
(-0.002289109458 -0.03492506232 0.01)
(-0.00456841666 -0.03470057016 0.01)
(-0.006828161201 -0.03432748483 0.01)
(-0.009058666508 -0.03380740394 0.01)
(-0.01125038121 -0.03314255456 0.01)
(-0.01339392006 -0.03233578367 0.01)
(-0.01548010408 -0.03139054599 0.01)
(-0.01749999993 -0.03031088917 0.01)
(-0.01944495808 -0.02910143648 0.01)
(-0.02130664994 -0.02776736696 0.01)
(-0.02307710346 -0.02631439332 0.01)
(-0.02474873727 -0.02474873741 0.01)
(6.730862764e-11 -0.0375 0.01)
(-0.002452617276 -0.03741970963 0.01)
(-0.004894732136 -0.03717918231 0.01)
(-0.007315887001 -0.03677944803 0.01)
(-0.009705714115 -0.03622221851 0.01)
(-0.01205397987 -0.03550987988 0.01)
(-0.01435062864 -0.0346454825 0.01)
(-0.01658582581 -0.03363272785 0.01)
(-0.01874999992 -0.03247595269 0.01)
(-0.02083388366 -0.03118011051 0.01)
(-0.02282855351 -0.02975075032 0.01)
(-0.02472546799 -0.02819399285 0.01)
(-0.02651650422 -0.02651650437 0.01)
(7.179586948e-11 -0.04 0.01)
(-0.002616125095 -0.03991435693 0.01)
(-0.005221047612 -0.03965779447 0.01)
(-0.007803612801 -0.03923141123 0.01)
(-0.01035276172 -0.03863703307 0.01)
(-0.01285757853 -0.03787720521 0.01)
(-0.01530733721 -0.03695518133 0.01)
(-0.01769154753 -0.0358749097 0.01)
(-0.01999999992 -0.0346410162 0.01)
(-0.02222280924 -0.03325878455 0.01)
(-0.02435045708 -0.03173413367 0.01)
(-0.02637383253 -0.03007359237 0.01)
(-0.02828427117 -0.02828427132 0.01)
(7.628311132e-11 -0.0425 0.01)
(-0.002779632913 -0.04240900424 0.01)
(-0.005547363087 -0.04213640662 0.01)
(-0.008291338602 -0.04168337443 0.01)
(-0.01099980933 -0.04105184764 0.01)
(-0.01366117719 -0.04024453053 0.01)
(-0.01626404579 -0.03926488017 0.01)
(-0.01879726925 -0.03811709156 0.01)
(-0.02124999991 -0.03680607971 0.01)
(-0.02361173482 -0.03533745858 0.01)
(-0.02587236065 -0.03371751703 0.01)
(-0.02802219706 -0.03195319189 0.01)
(-0.03005203812 -0.03005203828 0.01)
(8.077035316e-11 -0.045 0.01)
(-0.002943140731 -0.04490365155 0.01)
(-0.005873678563 -0.04461501877 0.01)
(-0.008779064402 -0.04413533764 0.01)
(-0.01164685694 -0.04346666221 0.01)
(-0.01446477585 -0.04261185586 0.01)
(-0.01722075436 -0.041574579 0.01)
(-0.01990299097 -0.04035927342 0.01)
(-0.02249999991 -0.03897114322 0.01)
(-0.02500066039 -0.03741613262 0.01)
(-0.02739426421 -0.03570090038 0.01)
(-0.02967056159 -0.03383279141 0.01)
(-0.03181980507 -0.03181980524 0.01)
(8.525759501e-11 -0.0475 0.01)
(-0.00310664855 -0.04739829886 0.01)
(-0.006199994039 -0.04709363093 0.01)
(-0.009266790202 -0.04658730084 0.01)
(-0.01229390455 -0.04588147677 0.01)
(-0.0152683745 -0.04497918118 0.01)
(-0.01817746294 -0.04388427784 0.01)
(-0.02100871269 -0.04260145527 0.01)
(-0.0237499999 -0.04113620674 0.01)
(-0.02638958597 -0.03949480665 0.01)
(-0.02891616778 -0.03768428374 0.01)
(-0.03131892612 -0.03571239094 0.01)
(-0.03358757202 -0.0335875722 0.01)
(-0.003270156368 -0.04989294617 0.01)
(-0.006526309515 -0.04957224308 0.01)
(-0.009754516002 -0.04903926404 0.01)
(-0.01294095215 -0.04829629134 0.01)
(-0.01607197316 -0.04734650651 0.01)
(-0.01913417151 -0.04619397667 0.01)
(-0.02211443441 -0.04484363713 0.01)
(-0.0249999999 -0.04330127025 0.01)
(-0.02777851155 -0.04157348068 0.01)
(-0.03043807135 -0.03966766709 0.01)
(-0.03296729066 -0.03759199046 0.01)
(-0.03535533896 -0.03535533915 0.01)
(-0.01503679612 -0.01318691633 0)
(-0.01586706679 -0.01217522861 0)
(-0.01662939223 -0.01111140468 0)
(-0.01732050807 -0.01000000001 0)
(-0.01793745483 -0.008845773806 0)
(-0.01847759065 -0.007653668639 0)
(-0.0189386026 -0.006428789288 0)
(-0.01931851653 -0.005176380873 0)
(-0.01961570562 -0.003901806401 0)
(-0.01982889723 -0.002610523794 0)
(-0.01995717847 -0.001308062523 0)
(-0.02 7.179586948e-11 0)
(-0.01691639564 -0.01483528088 0)
(-0.01785045013 -0.01369713218 0)
(-0.01870806626 -0.01250033026 0)
(-0.01948557158 -0.01125000001 0)
(-0.02017963668 -0.009951495531 0)
(-0.02078728949 -0.008610377219 0)
(-0.02130592792 -0.007232387949 0)
(-0.0217333311 -0.005823428482 0)
(-0.02206766882 -0.004389532201 0)
(-0.02230750939 -0.002936839268 0)
(-0.02245182578 -0.001471570339 0)
(-0.0225 8.077035334e-11 0)
(-0.01879599515 -0.01648364542 0)
(-0.01983383348 -0.01521903576 0)
(-0.02078674029 -0.01388925585 0)
(-0.02165063509 -0.01250000001 0)
(-0.02242181854 -0.01105721726 0)
(-0.02309698832 -0.009567085799 0)
(-0.02367325325 -0.00803598661 0)
(-0.02414814567 -0.006470476091 0)
(-0.02451963202 -0.004877258001 0)
(-0.02478612154 -0.003263154742 0)
(-0.02494647309 -0.001635078154 0)
(-0.025 8.974483704e-11 0)
(-0.02067559467 -0.01813200996 0)
(-0.02181721683 -0.01674093933 0)
(-0.02286541432 -0.01527818143 0)
(-0.0238156986 -0.01375000001 0)
(-0.02466400039 -0.01216293898 0)
(-0.02540668715 -0.01052379438 0)
(-0.02604057857 -0.008839585271 0)
(-0.02656296023 -0.007117523701 0)
(-0.02697159522 -0.005364983801 0)
(-0.0272647337 -0.003589470217 0)
(-0.02744112039 -0.00179858597 0)
(-0.0275 9.871932074e-11 0)
(-0.02255519418 -0.0197803745 0)
(-0.02380060018 -0.01826284291 0)
(-0.02494408835 -0.01666710702 0)
(-0.0259807621 -0.01500000002 0)
(-0.02690618224 -0.01326866071 0)
(-0.02771638598 -0.01148050296 0)
(-0.02840790389 -0.009643183931 0)
(-0.0289777748 -0.00776457131 0)
(-0.02942355842 -0.005852709601 0)
(-0.02974334585 -0.003915785691 0)
(-0.0299357677 -0.001962093785 0)
(-0.03 1.076938044e-10 0)
(-0.0244347937 -0.02142873904 0)
(-0.02578398353 -0.01978474649 0)
(-0.02702276238 -0.0180560326 0)
(-0.02814582561 -0.01625000002 0)
(-0.0291483641 -0.01437438243 0)
(-0.03002608481 -0.01243721154 0)
(-0.03077522922 -0.01044678259 0)
(-0.03139258937 -0.008411618919 0)
(-0.03187552163 -0.006340435401 0)
(-0.03222195801 -0.004242101165 0)
(-0.03243041501 -0.002125601601 0)
(-0.0325 1.166682882e-10 0)
(-0.02631439321 -0.02307710359 0)
(-0.02776736688 -0.02130665006 0)
(-0.02910143641 -0.01944495819 0)
(-0.03031088912 -0.01750000002 0)
(-0.03139054595 -0.01548010416 0)
(-0.03233578364 -0.01339392012 0)
(-0.03314255454 -0.01125038125 0)
(-0.03380740393 -0.009058666528 0)
(-0.03432748483 -0.006828161201 0)
(-0.03470057016 -0.004568416639 0)
(-0.03492506232 -0.002289109416 0)
(-0.035 1.256427719e-10 0)
(-0.02819399273 -0.02472546813 0)
(-0.02975075022 -0.02282855364 0)
(-0.03118011044 -0.02083388377 0)
(-0.03247595263 -0.01875000002 0)
(-0.03363272781 -0.01658582589 0)
(-0.03464548248 -0.0143506287 0)
(-0.03550987987 -0.01205397991 0)
(-0.0362222185 -0.009705714137 0)
(-0.03677944803 -0.007315887001 0)
(-0.03717918231 -0.004894732114 0)
(-0.03741970963 -0.002452617231 0)
(-0.0375 1.346172556e-10 0)
(-0.03007359224 -0.02637383267 0)
(-0.03173413357 -0.02435045721 0)
(-0.03325878447 -0.02222280936 0)
(-0.03464101614 -0.02000000002 0)
(-0.03587490966 -0.01769154761 0)
(-0.03695518131 -0.01530733728 0)
(-0.03787720519 -0.01285757858 0)
(-0.03863703307 -0.01035276175 0)
(-0.03923141123 -0.007803612801 0)
(-0.03965779447 -0.005221047588 0)
(-0.03991435694 -0.002616125047 0)
(-0.04 1.435917393e-10 0)
(-0.03195319176 -0.02802219721 0)
(-0.03371751692 -0.02587236079 0)
(-0.0353374585 -0.02361173494 0)
(-0.03680607965 -0.02125000002 0)
(-0.03811709151 -0.01879726934 0)
(-0.03926488014 -0.01626404586 0)
(-0.04024453052 -0.01366117724 0)
(-0.04105184763 -0.01099980936 0)
(-0.04168337443 -0.008291338602 0)
(-0.04213640662 -0.005547363062 0)
(-0.04240900425 -0.002779632862 0)
(-0.0425 1.52566223e-10 0)
(-0.03383279127 -0.02967056175 0)
(-0.03570090027 -0.02739426436 0)
(-0.03741613253 -0.02500066053 0)
(-0.03897114316 -0.02250000002 0)
(-0.04035927337 -0.01990299106 0)
(-0.04157457897 -0.01722075444 0)
(-0.04261185584 -0.0144647759 0)
(-0.0434666622 -0.01164685696 0)
(-0.04413533764 -0.008779064402 0)
(-0.04461501878 -0.005873678536 0)
(-0.04490365155 -0.002943140678 0)
(-0.045 1.615407067e-10 0)
(-0.03571239079 -0.03131892629 0)
(-0.03768428362 -0.02891616794 0)
(-0.03949480655 -0.02638958611 0)
(-0.04113620667 -0.02375000002 0)
(-0.04260145522 -0.02100871279 0)
(-0.0438842778 -0.01817746302 0)
(-0.04497918117 -0.01526837456 0)
(-0.04588147677 -0.01229390457 0)
(-0.04658730084 -0.009266790202 0)
(-0.04709363093 -0.006199994011 0)
(-0.04739829886 -0.003106648493 0)
(-0.0475 1.705151904e-10 0)
(-0.0375919903 -0.03296729084 0)
(-0.03966766696 -0.03043807152 0)
(-0.04157348058 -0.0277785117 0)
(-0.04330127017 -0.02500000003 0)
(-0.04484363707 -0.02211443451 0)
(-0.04619397663 -0.0191341716 0)
(-0.04734650649 -0.01607197322 0)
(-0.04829629133 -0.01294095218 0)
(-0.04903926404 -0.009754516002 0)
(-0.04957224309 -0.006526309485 0)
(-0.04989294617 -0.003270156309 0)
(-0.05 1.794896737e-10 0)
(-0.01503679612 -0.01318691633 0.01)
(-0.01586706679 -0.01217522861 0.01)
(-0.01662939223 -0.01111140468 0.01)
(-0.01732050807 -0.01000000001 0.01)
(-0.01793745483 -0.008845773806 0.01)
(-0.01847759065 -0.007653668639 0.01)
(-0.0189386026 -0.006428789288 0.01)
(-0.01931851653 -0.005176380873 0.01)
(-0.01961570562 -0.003901806401 0.01)
(-0.01982889723 -0.002610523794 0.01)
(-0.01995717847 -0.001308062523 0.01)
(-0.02 7.179586948e-11 0.01)
(-0.01691639564 -0.01483528088 0.01)
(-0.01785045013 -0.01369713218 0.01)
(-0.01870806626 -0.01250033026 0.01)
(-0.01948557158 -0.01125000001 0.01)
(-0.02017963668 -0.009951495531 0.01)
(-0.02078728949 -0.008610377219 0.01)
(-0.02130592792 -0.007232387949 0.01)
(-0.0217333311 -0.005823428482 0.01)
(-0.02206766882 -0.004389532201 0.01)
(-0.02230750939 -0.002936839268 0.01)
(-0.02245182578 -0.001471570339 0.01)
(-0.0225 8.077035334e-11 0.01)
(-0.01879599515 -0.01648364542 0.01)
(-0.01983383348 -0.01521903576 0.01)
(-0.02078674029 -0.01388925585 0.01)
(-0.02165063509 -0.01250000001 0.01)
(-0.02242181854 -0.01105721726 0.01)
(-0.02309698832 -0.009567085799 0.01)
(-0.02367325325 -0.00803598661 0.01)
(-0.02414814567 -0.006470476091 0.01)
(-0.02451963202 -0.004877258001 0.01)
(-0.02478612154 -0.003263154742 0.01)
(-0.02494647309 -0.001635078154 0.01)
(-0.025 8.974483704e-11 0.01)
(-0.02067559467 -0.01813200996 0.01)
(-0.02181721683 -0.01674093933 0.01)
(-0.02286541432 -0.01527818143 0.01)
(-0.0238156986 -0.01375000001 0.01)
(-0.02466400039 -0.01216293898 0.01)
(-0.02540668715 -0.01052379438 0.01)
(-0.02604057857 -0.008839585271 0.01)
(-0.02656296023 -0.007117523701 0.01)
(-0.02697159522 -0.005364983801 0.01)
(-0.0272647337 -0.003589470217 0.01)
(-0.02744112039 -0.00179858597 0.01)
(-0.0275 9.871932074e-11 0.01)
(-0.02255519418 -0.0197803745 0.01)
(-0.02380060018 -0.01826284291 0.01)
(-0.02494408835 -0.01666710702 0.01)
(-0.0259807621 -0.01500000002 0.01)
(-0.02690618224 -0.01326866071 0.01)
(-0.02771638598 -0.01148050296 0.01)
(-0.02840790389 -0.009643183931 0.01)
(-0.0289777748 -0.00776457131 0.01)
(-0.02942355842 -0.005852709601 0.01)
(-0.02974334585 -0.003915785691 0.01)
(-0.0299357677 -0.001962093785 0.01)
(-0.03 1.076938044e-10 0.01)
(-0.0244347937 -0.02142873904 0.01)
(-0.02578398353 -0.01978474649 0.01)
(-0.02702276238 -0.0180560326 0.01)
(-0.02814582561 -0.01625000002 0.01)
(-0.0291483641 -0.01437438243 0.01)
(-0.03002608481 -0.01243721154 0.01)
(-0.03077522922 -0.01044678259 0.01)
(-0.03139258937 -0.008411618919 0.01)
(-0.03187552163 -0.006340435401 0.01)
(-0.03222195801 -0.004242101165 0.01)
(-0.03243041501 -0.002125601601 0.01)
(-0.0325 1.166682882e-10 0.01)
(-0.02631439321 -0.02307710359 0.01)
(-0.02776736688 -0.02130665006 0.01)
(-0.02910143641 -0.01944495819 0.01)
(-0.03031088912 -0.01750000002 0.01)
(-0.03139054595 -0.01548010416 0.01)
(-0.03233578364 -0.01339392012 0.01)
(-0.03314255454 -0.01125038125 0.01)
(-0.03380740393 -0.009058666528 0.01)
(-0.03432748483 -0.006828161201 0.01)
(-0.03470057016 -0.004568416639 0.01)
(-0.03492506232 -0.002289109416 0.01)
(-0.035 1.256427719e-10 0.01)
(-0.02819399273 -0.02472546813 0.01)
(-0.02975075022 -0.02282855364 0.01)
(-0.03118011044 -0.02083388377 0.01)
(-0.03247595263 -0.01875000002 0.01)
(-0.03363272781 -0.01658582589 0.01)
(-0.03464548248 -0.0143506287 0.01)
(-0.03550987987 -0.01205397991 0.01)
(-0.0362222185 -0.009705714137 0.01)
(-0.03677944803 -0.007315887001 0.01)
(-0.03717918231 -0.004894732114 0.01)
(-0.03741970963 -0.002452617231 0.01)
(-0.0375 1.346172556e-10 0.01)
(-0.03007359224 -0.02637383267 0.01)
(-0.03173413357 -0.02435045721 0.01)
(-0.03325878447 -0.02222280936 0.01)
(-0.03464101614 -0.02000000002 0.01)
(-0.03587490966 -0.01769154761 0.01)
(-0.03695518131 -0.01530733728 0.01)
(-0.03787720519 -0.01285757858 0.01)
(-0.03863703307 -0.01035276175 0.01)
(-0.03923141123 -0.007803612801 0.01)
(-0.03965779447 -0.005221047588 0.01)
(-0.03991435694 -0.002616125047 0.01)
(-0.04 1.435917393e-10 0.01)
(-0.03195319176 -0.02802219721 0.01)
(-0.03371751692 -0.02587236079 0.01)
(-0.0353374585 -0.02361173494 0.01)
(-0.03680607965 -0.02125000002 0.01)
(-0.03811709151 -0.01879726934 0.01)
(-0.03926488014 -0.01626404586 0.01)
(-0.04024453052 -0.01366117724 0.01)
(-0.04105184763 -0.01099980936 0.01)
(-0.04168337443 -0.008291338602 0.01)
(-0.04213640662 -0.005547363062 0.01)
(-0.04240900425 -0.002779632862 0.01)
(-0.0425 1.52566223e-10 0.01)
(-0.03383279127 -0.02967056175 0.01)
(-0.03570090027 -0.02739426436 0.01)
(-0.03741613253 -0.02500066053 0.01)
(-0.03897114316 -0.02250000002 0.01)
(-0.04035927337 -0.01990299106 0.01)
(-0.04157457897 -0.01722075444 0.01)
(-0.04261185584 -0.0144647759 0.01)
(-0.0434666622 -0.01164685696 0.01)
(-0.04413533764 -0.008779064402 0.01)
(-0.04461501878 -0.005873678536 0.01)
(-0.04490365155 -0.002943140678 0.01)
(-0.045 1.615407067e-10 0.01)
(-0.03571239079 -0.03131892629 0.01)
(-0.03768428362 -0.02891616794 0.01)
(-0.03949480655 -0.02638958611 0.01)
(-0.04113620667 -0.02375000002 0.01)
(-0.04260145522 -0.02100871279 0.01)
(-0.0438842778 -0.01817746302 0.01)
(-0.04497918117 -0.01526837456 0.01)
(-0.04588147677 -0.01229390457 0.01)
(-0.04658730084 -0.009266790202 0.01)
(-0.04709363093 -0.006199994011 0.01)
(-0.04739829886 -0.003106648493 0.01)
(-0.0475 1.705151904e-10 0.01)
(-0.0375919903 -0.03296729084 0.01)
(-0.03966766696 -0.03043807152 0.01)
(-0.04157348058 -0.0277785117 0.01)
(-0.04330127017 -0.02500000003 0.01)
(-0.04484363707 -0.02211443451 0.01)
(-0.04619397663 -0.0191341716 0.01)
(-0.04734650649 -0.01607197322 0.01)
(-0.04829629133 -0.01294095218 0.01)
(-0.04903926404 -0.009754516002 0.01)
(-0.04957224309 -0.006526309485 0.01)
(-0.04989294617 -0.003270156309 0.01)
(-0.05 1.794896737e-10 0.01)
(9.423207869e-11 -0.0525 0)
(9.871932053e-11 -0.055 0)
(1.032065624e-10 -0.0575 0)
(1.076938042e-10 -0.06 0)
(9.423207869e-11 -0.0525 0.01)
(9.871932053e-11 -0.055 0.01)
(1.032065624e-10 -0.0575 0.01)
(1.076938042e-10 -0.06 0.01)
(-0.003433664187 -0.05238759348 0)
(-0.00685262499 -0.05205085524 0)
(-0.0102422418 -0.05149122724 0)
(-0.01358799976 -0.05071110591 0)
(-0.01687557182 -0.04971383184 0)
(-0.02009088009 -0.0485036755 0)
(-0.02322015613 -0.04708581898 0)
(-0.02624999989 -0.04546633376 0)
(-0.02916743713 -0.04365215472 0)
(-0.03195997492 -0.04165105045 0)
(-0.03461565519 -0.03947158998 0)
(-0.03712310591 -0.03712310611 0)
(-0.003597172005 -0.05488224078 0)
(-0.007178940466 -0.05452946739 0)
(-0.0107299676 -0.05394319044 0)
(-0.01423504737 -0.05312592048 0)
(-0.01767917048 -0.05208115716 0)
(-0.02104758867 -0.05081337434 0)
(-0.02432587785 -0.04932800084 0)
(-0.02749999989 -0.04763139727 0)
(-0.0305563627 -0.04573082875 0)
(-0.03348187848 -0.0436344338 0)
(-0.03626401972 -0.04135118951 0)
(-0.03889087286 -0.03889087307 0)
(-0.003760679823 -0.05737688809 0)
(-0.007505255942 -0.05700807954 0)
(-0.0112176934 -0.05639515365 0)
(-0.01488209498 -0.05554073504 0)
(-0.01848276914 -0.05444848249 0)
(-0.02200429724 -0.05312307317 0)
(-0.02543159957 -0.0515701827 0)
(-0.02874999988 -0.04979646079 0)
(-0.03194528828 -0.04780950279 0)
(-0.03500378205 -0.04561781716 0)
(-0.03791238426 -0.04323078903 0)
(-0.04065863981 -0.04065864003 0)
(-0.003924187642 -0.0598715354 0)
(-0.007831571418 -0.0594866917 0)
(-0.0117054192 -0.05884711685 0)
(-0.01552914258 -0.05795554961 0)
(-0.01928636779 -0.05681580781 0)
(-0.02296100582 -0.055432772 0)
(-0.02653732129 -0.05381236455 0)
(-0.02999999988 -0.0519615243 0)
(-0.03333421386 -0.04988817682 0)
(-0.03652568562 -0.04760120051 0)
(-0.03956074879 -0.04511038855 0)
(-0.04242640676 -0.04242640699 0)
(-0.003433664187 -0.05238759348 0.01)
(-0.00685262499 -0.05205085524 0.01)
(-0.0102422418 -0.05149122724 0.01)
(-0.01358799976 -0.05071110591 0.01)
(-0.01687557182 -0.04971383184 0.01)
(-0.02009088009 -0.0485036755 0.01)
(-0.02322015613 -0.04708581898 0.01)
(-0.02624999989 -0.04546633376 0.01)
(-0.02916743713 -0.04365215472 0.01)
(-0.03195997492 -0.04165105045 0.01)
(-0.03461565519 -0.03947158998 0.01)
(-0.03712310591 -0.03712310611 0.01)
(-0.003597172005 -0.05488224078 0.01)
(-0.007178940466 -0.05452946739 0.01)
(-0.0107299676 -0.05394319044 0.01)
(-0.01423504737 -0.05312592048 0.01)
(-0.01767917048 -0.05208115716 0.01)
(-0.02104758867 -0.05081337434 0.01)
(-0.02432587785 -0.04932800084 0.01)
(-0.02749999989 -0.04763139727 0.01)
(-0.0305563627 -0.04573082875 0.01)
(-0.03348187848 -0.0436344338 0.01)
(-0.03626401972 -0.04135118951 0.01)
(-0.03889087286 -0.03889087307 0.01)
(-0.003760679823 -0.05737688809 0.01)
(-0.007505255942 -0.05700807954 0.01)
(-0.0112176934 -0.05639515365 0.01)
(-0.01488209498 -0.05554073504 0.01)
(-0.01848276914 -0.05444848249 0.01)
(-0.02200429724 -0.05312307317 0.01)
(-0.02543159957 -0.0515701827 0.01)
(-0.02874999988 -0.04979646079 0.01)
(-0.03194528828 -0.04780950279 0.01)
(-0.03500378205 -0.04561781716 0.01)
(-0.03791238426 -0.04323078903 0.01)
(-0.04065863981 -0.04065864003 0.01)
(-0.003924187642 -0.0598715354 0.01)
(-0.007831571418 -0.0594866917 0.01)
(-0.0117054192 -0.05884711685 0.01)
(-0.01552914258 -0.05795554961 0.01)
(-0.01928636779 -0.05681580781 0.01)
(-0.02296100582 -0.055432772 0.01)
(-0.02653732129 -0.05381236455 0.01)
(-0.02999999988 -0.0519615243 0.01)
(-0.03333421386 -0.04988817682 0.01)
(-0.03652568562 -0.04760120051 0.01)
(-0.03956074879 -0.04511038855 0.01)
(-0.04242640676 -0.04242640699 0.01)
(-0.03947158982 -0.03461565538 0)
(-0.04165105031 -0.03195997509 0)
(-0.04365215461 -0.02916743728 0)
(-0.04546633368 -0.02625000003 0)
(-0.04708581893 -0.02322015624 0)
(-0.04850367547 -0.02009088018 0)
(-0.04971383181 -0.01687557188 0)
(-0.0507111059 -0.01358799979 0)
(-0.05149122724 -0.0102422418 0)
(-0.05205085524 -0.006852624959 0)
(-0.05238759348 -0.003433664124 0)
(-0.0525 1.884641574e-10 0)
(-0.04135118933 -0.03626401992 0)
(-0.04363443366 -0.03348187867 0)
(-0.04573082864 -0.03055636287 0)
(-0.04763139719 -0.02750000003 0)
(-0.04932800078 -0.02432587797 0)
(-0.0508133743 -0.02104758876 0)
(-0.05208115714 -0.01767917054 0)
(-0.05312592047 -0.0142350474 0)
(-0.05394319044 -0.0107299676 0)
(-0.05452946739 -0.007178940433 0)
(-0.05488224079 -0.003597171939 0)
(-0.055 1.974386411e-10 0)
(-0.04323078885 -0.03791238446 0)
(-0.04561781701 -0.03500378224 0)
(-0.04780950267 -0.03194528845 0)
(-0.0497964607 -0.02875000003 0)
(-0.05157018264 -0.02543159969 0)
(-0.05312307313 -0.02200429734 0)
(-0.05444848246 -0.0184827692 0)
(-0.05554073503 -0.01488209501 0)
(-0.05639515365 -0.0112176934 0)
(-0.05700807955 -0.007505255908 0)
(-0.0573768881 -0.003760679755 0)
(-0.0575 2.064131248e-10 0)
(-0.04511038836 -0.039560749 0)
(-0.04760120036 -0.03652568582 0)
(-0.0498881767 -0.03333421404 0)
(-0.05196152421 -0.03000000003 0)
(-0.05381236449 -0.02653732142 0)
(-0.05543277196 -0.02296100592 0)
(-0.05681580779 -0.01928636786 0)
(-0.0579555496 -0.01552914262 0)
(-0.05884711685 -0.0117054192 0)
(-0.0594866917 -0.007831571382 0)
(-0.05987153541 -0.00392418757 0)
(-0.06 2.153876084e-10 0)
(-0.03947158982 -0.03461565538 0.01)
(-0.04165105031 -0.03195997509 0.01)
(-0.04365215461 -0.02916743728 0.01)
(-0.04546633368 -0.02625000003 0.01)
(-0.04708581893 -0.02322015624 0.01)
(-0.04850367547 -0.02009088018 0.01)
(-0.04971383181 -0.01687557188 0.01)
(-0.0507111059 -0.01358799979 0.01)
(-0.05149122724 -0.0102422418 0.01)
(-0.05205085524 -0.006852624959 0.01)
(-0.05238759348 -0.003433664124 0.01)
(-0.0525 1.884641574e-10 0.01)
(-0.04135118933 -0.03626401992 0.01)
(-0.04363443366 -0.03348187867 0.01)
(-0.04573082864 -0.03055636287 0.01)
(-0.04763139719 -0.02750000003 0.01)
(-0.04932800078 -0.02432587797 0.01)
(-0.0508133743 -0.02104758876 0.01)
(-0.05208115714 -0.01767917054 0.01)
(-0.05312592047 -0.0142350474 0.01)
(-0.05394319044 -0.0107299676 0.01)
(-0.05452946739 -0.007178940433 0.01)
(-0.05488224079 -0.003597171939 0.01)
(-0.055 1.974386411e-10 0.01)
(-0.04323078885 -0.03791238446 0.01)
(-0.04561781701 -0.03500378224 0.01)
(-0.04780950267 -0.03194528845 0.01)
(-0.0497964607 -0.02875000003 0.01)
(-0.05157018264 -0.02543159969 0.01)
(-0.05312307313 -0.02200429734 0.01)
(-0.05444848246 -0.0184827692 0.01)
(-0.05554073503 -0.01488209501 0.01)
(-0.05639515365 -0.0112176934 0.01)
(-0.05700807955 -0.007505255908 0.01)
(-0.0573768881 -0.003760679755 0.01)
(-0.0575 2.064131248e-10 0.01)
(-0.04511038836 -0.039560749 0.01)
(-0.04760120036 -0.03652568582 0.01)
(-0.0498881767 -0.03333421404 0.01)
(-0.05196152421 -0.03000000003 0.01)
(-0.05381236449 -0.02653732142 0.01)
(-0.05543277196 -0.02296100592 0.01)
(-0.05681580779 -0.01928636786 0.01)
(-0.0579555496 -0.01552914262 0.01)
(-0.05884711685 -0.0117054192 0.01)
(-0.0594866917 -0.007831571382 0.01)
(-0.05987153541 -0.00392418757 0.01)
(-0.06 2.153876084e-10 0.01)
(1.121810461e-10 -0.0625 0)
(1.166682879e-10 -0.065 0)
(1.211555297e-10 -0.0675 0)
(1.256427716e-10 -0.07 0)
(1.121810461e-10 -0.0625 0.01)
(1.166682879e-10 -0.065 0.01)
(1.211555297e-10 -0.0675 0.01)
(1.256427716e-10 -0.07 0.01)
(-0.00408769546 -0.06236618271 0)
(-0.008157886893 -0.06196530385 0)
(-0.012193145 -0.06129908005 0)
(-0.01617619019 -0.06037036418 0)
(-0.02008996645 -0.05918313314 0)
(-0.02391771439 -0.05774247084 0)
(-0.02764304301 -0.05605454641 0)
(-0.03124999987 -0.05412658781 0)
(-0.03472313944 -0.05196685085 0)
(-0.03804758919 -0.04958458386 0)
(-0.04120911332 -0.04698998808 0)
(-0.04419417371 -0.04419417394 0)
(-0.004251203279 -0.06486083002 0)
(-0.008484202369 -0.06444391601 0)
(-0.0126808708 -0.06375104325 0)
(-0.0168232378 -0.06278517874 0)
(-0.02089356511 -0.06155045846 0)
(-0.02487442297 -0.06005216967 0)
(-0.02874876473 -0.05829672827 0)
(-0.03249999987 -0.05629165132 0)
(-0.03611206501 -0.05404552489 0)
(-0.03956949275 -0.05156796722 0)
(-0.04285747785 -0.0488695876 0)
(-0.04596194065 -0.0459619409 0)
(-0.004414711097 -0.06735547733 0)
(-0.008810517845 -0.06692252816 0)
(-0.0131685966 -0.06620300645 0)
(-0.01747028541 -0.06519999331 0)
(-0.02169716377 -0.06391778379 0)
(-0.02583113154 -0.0623618685 0)
(-0.02985448645 -0.06053891012 0)
(-0.03374999986 -0.05845671484 0)
(-0.03750099059 -0.05612419892 0)
(-0.04109139632 -0.05355135057 0)
(-0.04450584239 -0.05074918712 0)
(-0.0477297076 -0.04772970786 0)
(-0.004578218916 -0.06985012464 0)
(-0.00913683332 -0.06940114031 0)
(-0.0136563224 -0.06865496966 0)
(-0.01811733302 -0.06761480788 0)
(-0.02250076243 -0.06628510911 0)
(-0.02678784012 -0.06467156734 0)
(-0.03096020817 -0.06278109198 0)
(-0.03499999985 -0.06062177835 0)
(-0.03888991617 -0.05820287296 0)
(-0.04261329989 -0.05553473393 0)
(-0.04615420692 -0.05262878664 0)
(-0.04949747455 -0.04949747482 0)
(-0.00408769546 -0.06236618271 0.01)
(-0.008157886893 -0.06196530385 0.01)
(-0.012193145 -0.06129908005 0.01)
(-0.01617619019 -0.06037036418 0.01)
(-0.02008996645 -0.05918313314 0.01)
(-0.02391771439 -0.05774247084 0.01)
(-0.02764304301 -0.05605454641 0.01)
(-0.03124999987 -0.05412658781 0.01)
(-0.03472313944 -0.05196685085 0.01)
(-0.03804758919 -0.04958458386 0.01)
(-0.04120911332 -0.04698998808 0.01)
(-0.04419417371 -0.04419417394 0.01)
(-0.004251203279 -0.06486083002 0.01)
(-0.008484202369 -0.06444391601 0.01)
(-0.0126808708 -0.06375104325 0.01)
(-0.0168232378 -0.06278517874 0.01)
(-0.02089356511 -0.06155045846 0.01)
(-0.02487442297 -0.06005216967 0.01)
(-0.02874876473 -0.05829672827 0.01)
(-0.03249999987 -0.05629165132 0.01)
(-0.03611206501 -0.05404552489 0.01)
(-0.03956949275 -0.05156796722 0.01)
(-0.04285747785 -0.0488695876 0.01)
(-0.04596194065 -0.0459619409 0.01)
(-0.004414711097 -0.06735547733 0.01)
(-0.008810517845 -0.06692252816 0.01)
(-0.0131685966 -0.06620300645 0.01)
(-0.01747028541 -0.06519999331 0.01)
(-0.02169716377 -0.06391778379 0.01)
(-0.02583113154 -0.0623618685 0.01)
(-0.02985448645 -0.06053891012 0.01)
(-0.03374999986 -0.05845671484 0.01)
(-0.03750099059 -0.05612419892 0.01)
(-0.04109139632 -0.05355135057 0.01)
(-0.04450584239 -0.05074918712 0.01)
(-0.0477297076 -0.04772970786 0.01)
(-0.004578218916 -0.06985012464 0.01)
(-0.00913683332 -0.06940114031 0.01)
(-0.0136563224 -0.06865496966 0.01)
(-0.01811733302 -0.06761480788 0.01)
(-0.02250076243 -0.06628510911 0.01)
(-0.02678784012 -0.06467156734 0.01)
(-0.03096020817 -0.06278109198 0.01)
(-0.03499999985 -0.06062177835 0.01)
(-0.03888991617 -0.05820287296 0.01)
(-0.04261329989 -0.05553473393 0.01)
(-0.04615420692 -0.05262878664 0.01)
(-0.04949747455 -0.04949747482 0.01)
(-0.04698998788 -0.04120911355 0)
(-0.04958458371 -0.03804758939 0)
(-0.05196685073 -0.03472313962 0)
(-0.05412658772 -0.03125000003 0)
(-0.05605454634 -0.02764304314 0)
(-0.05774247079 -0.0239177145 0)
(-0.05918313311 -0.02008996652 0)
(-0.06037036417 -0.01617619023 0)
(-0.06129908005 -0.012193145 0)
(-0.06196530386 -0.008157886856 0)
(-0.06236618271 -0.004087695386 0)
(-0.0625 2.243620921e-10 0)
(-0.04886958739 -0.04285747809 0)
(-0.05156796705 -0.03956949297 0)
(-0.05404552476 -0.03611206521 0)
(-0.05629165123 -0.03250000003 0)
(-0.0582967282 -0.02874876487 0)
(-0.06005216962 -0.02487442308 0)
(-0.06155045844 -0.02089356518 0)
(-0.06278517873 -0.01682323784 0)
(-0.06375104325 -0.0126808708 0)
(-0.06444391601 -0.00848420233 0)
(-0.06486083002 -0.004251203201 0)
(-0.065 2.333365758e-10 0)
(-0.05074918691 -0.04450584263 0)
(-0.0535513504 -0.04109139655 0)
(-0.05612419879 -0.03750099079 0)
(-0.05845671474 -0.03375000003 0)
(-0.06053891005 -0.02985448659 0)
(-0.06236186846 -0.02583113166 0)
(-0.06391778376 -0.02169716385 0)
(-0.0651999933 -0.01747028545 0)
(-0.06620300645 -0.0131685966 0)
(-0.06692252817 -0.008810517805 0)
(-0.06735547733 -0.004414711017 0)
(-0.0675 2.423110595e-10 0)
(-0.05262878642 -0.04615420717 0)
(-0.05553473375 -0.04261330012 0)
(-0.05820287282 -0.03888991638 0)
(-0.06062177824 -0.03500000004 0)
(-0.0627810919 -0.03096020832 0)
(-0.06467156729 -0.02678784024 0)
(-0.06628510909 -0.02250076251 0)
(-0.06761480787 -0.01811733306 0)
(-0.06865496966 -0.0136563224 0)
(-0.06940114032 -0.009136833279 0)
(-0.06985012464 -0.004578218832 0)
(-0.07 2.512855432e-10 0)
(-0.04698998788 -0.04120911355 0.01)
(-0.04958458371 -0.03804758939 0.01)
(-0.05196685073 -0.03472313962 0.01)
(-0.05412658772 -0.03125000003 0.01)
(-0.05605454634 -0.02764304314 0.01)
(-0.05774247079 -0.0239177145 0.01)
(-0.05918313311 -0.02008996652 0.01)
(-0.06037036417 -0.01617619023 0.01)
(-0.06129908005 -0.012193145 0.01)
(-0.06196530386 -0.008157886856 0.01)
(-0.06236618271 -0.004087695386 0.01)
(-0.0625 2.243620921e-10 0.01)
(-0.04886958739 -0.04285747809 0.01)
(-0.05156796705 -0.03956949297 0.01)
(-0.05404552476 -0.03611206521 0.01)
(-0.05629165123 -0.03250000003 0.01)
(-0.0582967282 -0.02874876487 0.01)
(-0.06005216962 -0.02487442308 0.01)
(-0.06155045844 -0.02089356518 0.01)
(-0.06278517873 -0.01682323784 0.01)
(-0.06375104325 -0.0126808708 0.01)
(-0.06444391601 -0.00848420233 0.01)
(-0.06486083002 -0.004251203201 0.01)
(-0.065 2.333365758e-10 0.01)
(-0.05074918691 -0.04450584263 0.01)
(-0.0535513504 -0.04109139655 0.01)
(-0.05612419879 -0.03750099079 0.01)
(-0.05845671474 -0.03375000003 0.01)
(-0.06053891005 -0.02985448659 0.01)
(-0.06236186846 -0.02583113166 0.01)
(-0.06391778376 -0.02169716385 0.01)
(-0.0651999933 -0.01747028545 0.01)
(-0.06620300645 -0.0131685966 0.01)
(-0.06692252817 -0.008810517805 0.01)
(-0.06735547733 -0.004414711017 0.01)
(-0.0675 2.423110595e-10 0.01)
(-0.05262878642 -0.04615420717 0.01)
(-0.05553473375 -0.04261330012 0.01)
(-0.05820287282 -0.03888991638 0.01)
(-0.06062177824 -0.03500000004 0.01)
(-0.0627810919 -0.03096020832 0.01)
(-0.06467156729 -0.02678784024 0.01)
(-0.06628510909 -0.02250076251 0.01)
(-0.06761480787 -0.01811733306 0.01)
(-0.06865496966 -0.0136563224 0.01)
(-0.06940114032 -0.009136833279 0.01)
(-0.06985012464 -0.004578218832 0.01)
(-0.07 2.512855432e-10 0.01)
(1.301300134e-10 -0.0725 0)
(1.346172553e-10 -0.075 0)
(1.391044971e-10 -0.0775 0)
(1.43591739e-10 -0.08 0)
(1.480789808e-10 -0.0825 0)
(1.525662226e-10 -0.085 0)
(1.570534645e-10 -0.0875 0)
(1.615407063e-10 -0.09 0)
(1.660279482e-10 -0.0925 0)
(1.7051519e-10 -0.095 0)
(1.750024319e-10 -0.0975 0)
(1.794896737e-10 -0.1 0)
(1.301300134e-10 -0.0725 0.01)
(1.346172553e-10 -0.075 0.01)
(1.391044971e-10 -0.0775 0.01)
(1.43591739e-10 -0.08 0.01)
(1.480789808e-10 -0.0825 0.01)
(1.525662226e-10 -0.085 0.01)
(1.570534645e-10 -0.0875 0.01)
(1.615407063e-10 -0.09 0.01)
(1.660279482e-10 -0.0925 0.01)
(1.7051519e-10 -0.095 0.01)
(1.750024319e-10 -0.0975 0.01)
(1.794896737e-10 -0.1 0.01)
(-0.004741726734 -0.07234477194 0)
(-0.009463148796 -0.07187975247 0)
(-0.0141440482 -0.07110693286 0)
(-0.01876438062 -0.07002962245 0)
(-0.02330436109 -0.06865243444 0)
(-0.0277445487 -0.06698126617 0)
(-0.03206592989 -0.06502327384 0)
(-0.03624999985 -0.06278684186 0)
(-0.04027884175 -0.06028154699 0)
(-0.04413520346 -0.05751811728 0)
(-0.04780257145 -0.05450838617 0)
(-0.0512652415 -0.05126524177 0)
(-0.004905234552 -0.07483941925 0)
(-0.009789464272 -0.07435836462 0)
(-0.014631774 -0.07355889606 0)
(-0.01941142823 -0.07244443701 0)
(-0.02410795974 -0.07101975976 0)
(-0.02870125727 -0.069290965 0)
(-0.03317165161 -0.06726545569 0)
(-0.03749999984 -0.06495190537 0)
(-0.04166776732 -0.06236022103 0)
(-0.04565710702 -0.05950150064 0)
(-0.04945093598 -0.05638798569 0)
(-0.05303300845 -0.05303300873 0)
(-0.005068742371 -0.07733406656 0)
(-0.01011577975 -0.07683697678 0)
(-0.0151194998 -0.07601085926 0)
(-0.02005847584 -0.07485925158 0)
(-0.0249115584 -0.07338708509 0)
(-0.02965796585 -0.07160066384 0)
(-0.03427737333 -0.06950763755 0)
(-0.03874999984 -0.06711696889 0)
(-0.0430566929 -0.06443889506 0)
(-0.04717901059 -0.06148488399 0)
(-0.05109930052 -0.05826758521 0)
(-0.05480077539 -0.05480077569 0)
(-0.005232250189 -0.07982871387 0)
(-0.01044209522 -0.07931558893 0)
(-0.0156072256 -0.07846282246 0)
(-0.02070552345 -0.07727406615 0)
(-0.02571515706 -0.07575441042 0)
(-0.03061467442 -0.07391036267 0)
(-0.03538309505 -0.0717498194 0)
(-0.03999999983 -0.0692820324 0)
(-0.04444561848 -0.06651756909 0)
(-0.04870091416 -0.06346826735 0)
(-0.05274766505 -0.06014718474 0)
(-0.05656854234 -0.05656854265 0)
(-0.005395758008 -0.08232336118 0)
(-0.0107684107 -0.08179420108 0)
(-0.0160949514 -0.08091478567 0)
(-0.02135257105 -0.07968888071 0)
(-0.02651875572 -0.07812173574 0)
(-0.031571383 -0.0762200615 0)
(-0.03648881677 -0.07399200126 0)
(-0.04124999983 -0.07144709591 0)
(-0.04583454405 -0.06859624313 0)
(-0.05022281773 -0.0654516507 0)
(-0.05439602958 -0.06202678426 0)
(-0.05833630929 -0.0583363096 0)
(-0.005559265826 -0.08481800849 0)
(-0.01109472617 -0.08427281324 0)
(-0.0165826772 -0.08336674887 0)
(-0.02199961866 -0.08210369528 0)
(-0.02732235438 -0.08048906107 0)
(-0.03252809157 -0.07852976034 0)
(-0.03759453849 -0.07623418312 0)
(-0.04249999982 -0.07361215942 0)
(-0.04722346963 -0.07067491716 0)
(-0.05174472129 -0.06743503406 0)
(-0.05604439412 -0.06390638378 0)
(-0.06010407624 -0.06010407656 0)
(-0.005722773644 -0.08731265579 0)
(-0.01142104165 -0.08675142539 0)
(-0.017070403 -0.08581871207 0)
(-0.02264666627 -0.08451850985 0)
(-0.02812595303 -0.08285638639 0)
(-0.03348480015 -0.08083945917 0)
(-0.03870026021 -0.07847636497 0)
(-0.04374999982 -0.07577722294 0)
(-0.04861239521 -0.0727535912 0)
(-0.05326662486 -0.06941841741 0)
(-0.05769275865 -0.06578598331 0)
(-0.06187184319 -0.06187184352 0)
(-0.005886281463 -0.0898073031 0)
(-0.01174735713 -0.08923003755 0)
(-0.0175581288 -0.08827067527 0)
(-0.02329371388 -0.08693332441 0)
(-0.02892955169 -0.08522371172 0)
(-0.03444150873 -0.083149158 0)
(-0.03980598193 -0.08071854683 0)
(-0.04499999981 -0.07794228645 0)
(-0.05000132079 -0.07483226523 0)
(-0.05478852843 -0.07140180077 0)
(-0.05934112318 -0.06766558283 0)
(-0.06363961014 -0.06363961048 0)
(-0.006049789281 -0.09230195041 0)
(-0.0120736726 -0.0917086497 0)
(-0.0180458546 -0.09072263847 0)
(-0.02394076148 -0.08934813898 0)
(-0.02973315035 -0.08759103704 0)
(-0.0353982173 -0.08545885684 0)
(-0.04091170365 -0.08296072869 0)
(-0.04624999981 -0.08010734996 0)
(-0.05139024636 -0.07691093926 0)
(-0.056310432 -0.07338518412 0)
(-0.06098948771 -0.06954518235 0)
(-0.06540737708 -0.06540737744 0)
(-0.0062132971 -0.09479659772 0)
(-0.01239998808 -0.09418726185 0)
(-0.0185335804 -0.09317460168 0)
(-0.02458780909 -0.09176295355 0)
(-0.03053674901 -0.08995836237 0)
(-0.03635492588 -0.08776855567 0)
(-0.04201742537 -0.08520291054 0)
(-0.0474999998 -0.08227241347 0)
(-0.05277917194 -0.0789896133 0)
(-0.05783233556 -0.07536856747 0)
(-0.06263785225 -0.07142478187 0)
(-0.06717514403 -0.06717514439 0)
(-0.006376804918 -0.09729124503 0)
(-0.01272630355 -0.09666587401 0)
(-0.0190213062 -0.09562656488 0)
(-0.0252348567 -0.09417776812 0)
(-0.03134034767 -0.09232568769 0)
(-0.03731163445 -0.0900782545 0)
(-0.04312314709 -0.0874450924 0)
(-0.0487499998 -0.08443747699 0)
(-0.05416809752 -0.08106828733 0)
(-0.05935423913 -0.07735195083 0)
(-0.06428621678 -0.0733043814 0)
(-0.06894291098 -0.06894291135 0)
(-0.006540312736 -0.09978589234 0)
(-0.01305261903 -0.09914448616 0)
(-0.019509032 -0.09807852808 0)
(-0.02588190431 -0.09659258268 0)
(-0.03214394632 -0.09469301302 0)
(-0.03826834303 -0.09238795334 0)
(-0.04422886881 -0.08968727426 0)
(-0.04999999979 -0.0866025405 0)
(-0.0555570231 -0.08314696137 0)
(-0.0608761427 -0.07933533418 0)
(-0.06593458131 -0.07518398092 0)
(-0.07071067793 -0.07071067831 0)
(-0.004741726734 -0.07234477194 0.01)
(-0.009463148796 -0.07187975247 0.01)
(-0.0141440482 -0.07110693286 0.01)
(-0.01876438062 -0.07002962245 0.01)
(-0.02330436109 -0.06865243444 0.01)
(-0.0277445487 -0.06698126617 0.01)
(-0.03206592989 -0.06502327384 0.01)
(-0.03624999985 -0.06278684186 0.01)
(-0.04027884175 -0.06028154699 0.01)
(-0.04413520346 -0.05751811728 0.01)
(-0.04780257145 -0.05450838617 0.01)
(-0.0512652415 -0.05126524177 0.01)
(-0.004905234552 -0.07483941925 0.01)
(-0.009789464272 -0.07435836462 0.01)
(-0.014631774 -0.07355889606 0.01)
(-0.01941142823 -0.07244443701 0.01)
(-0.02410795974 -0.07101975976 0.01)
(-0.02870125727 -0.069290965 0.01)
(-0.03317165161 -0.06726545569 0.01)
(-0.03749999984 -0.06495190537 0.01)
(-0.04166776732 -0.06236022103 0.01)
(-0.04565710702 -0.05950150064 0.01)
(-0.04945093598 -0.05638798569 0.01)
(-0.05303300845 -0.05303300873 0.01)
(-0.005068742371 -0.07733406656 0.01)
(-0.01011577975 -0.07683697678 0.01)
(-0.0151194998 -0.07601085926 0.01)
(-0.02005847584 -0.07485925158 0.01)
(-0.0249115584 -0.07338708509 0.01)
(-0.02965796585 -0.07160066384 0.01)
(-0.03427737333 -0.06950763755 0.01)
(-0.03874999984 -0.06711696889 0.01)
(-0.0430566929 -0.06443889506 0.01)
(-0.04717901059 -0.06148488399 0.01)
(-0.05109930052 -0.05826758521 0.01)
(-0.05480077539 -0.05480077569 0.01)
(-0.005232250189 -0.07982871387 0.01)
(-0.01044209522 -0.07931558893 0.01)
(-0.0156072256 -0.07846282246 0.01)
(-0.02070552345 -0.07727406615 0.01)
(-0.02571515706 -0.07575441042 0.01)
(-0.03061467442 -0.07391036267 0.01)
(-0.03538309505 -0.0717498194 0.01)
(-0.03999999983 -0.0692820324 0.01)
(-0.04444561848 -0.06651756909 0.01)
(-0.04870091416 -0.06346826735 0.01)
(-0.05274766505 -0.06014718474 0.01)
(-0.05656854234 -0.05656854265 0.01)
(-0.005395758008 -0.08232336118 0.01)
(-0.0107684107 -0.08179420108 0.01)
(-0.0160949514 -0.08091478567 0.01)
(-0.02135257105 -0.07968888071 0.01)
(-0.02651875572 -0.07812173574 0.01)
(-0.031571383 -0.0762200615 0.01)
(-0.03648881677 -0.07399200126 0.01)
(-0.04124999983 -0.07144709591 0.01)
(-0.04583454405 -0.06859624313 0.01)
(-0.05022281773 -0.0654516507 0.01)
(-0.05439602958 -0.06202678426 0.01)
(-0.05833630929 -0.0583363096 0.01)
(-0.005559265826 -0.08481800849 0.01)
(-0.01109472617 -0.08427281324 0.01)
(-0.0165826772 -0.08336674887 0.01)
(-0.02199961866 -0.08210369528 0.01)
(-0.02732235438 -0.08048906107 0.01)
(-0.03252809157 -0.07852976034 0.01)
(-0.03759453849 -0.07623418312 0.01)
(-0.04249999982 -0.07361215942 0.01)
(-0.04722346963 -0.07067491716 0.01)
(-0.05174472129 -0.06743503406 0.01)
(-0.05604439412 -0.06390638378 0.01)
(-0.06010407624 -0.06010407656 0.01)
(-0.005722773644 -0.08731265579 0.01)
(-0.01142104165 -0.08675142539 0.01)
(-0.017070403 -0.08581871207 0.01)
(-0.02264666627 -0.08451850985 0.01)
(-0.02812595303 -0.08285638639 0.01)
(-0.03348480015 -0.08083945917 0.01)
(-0.03870026021 -0.07847636497 0.01)
(-0.04374999982 -0.07577722294 0.01)
(-0.04861239521 -0.0727535912 0.01)
(-0.05326662486 -0.06941841741 0.01)
(-0.05769275865 -0.06578598331 0.01)
(-0.06187184319 -0.06187184352 0.01)
(-0.005886281463 -0.0898073031 0.01)
(-0.01174735713 -0.08923003755 0.01)
(-0.0175581288 -0.08827067527 0.01)
(-0.02329371388 -0.08693332441 0.01)
(-0.02892955169 -0.08522371172 0.01)
(-0.03444150873 -0.083149158 0.01)
(-0.03980598193 -0.08071854683 0.01)
(-0.04499999981 -0.07794228645 0.01)
(-0.05000132079 -0.07483226523 0.01)
(-0.05478852843 -0.07140180077 0.01)
(-0.05934112318 -0.06766558283 0.01)
(-0.06363961014 -0.06363961048 0.01)
(-0.006049789281 -0.09230195041 0.01)
(-0.0120736726 -0.0917086497 0.01)
(-0.0180458546 -0.09072263847 0.01)
(-0.02394076148 -0.08934813898 0.01)
(-0.02973315035 -0.08759103704 0.01)
(-0.0353982173 -0.08545885684 0.01)
(-0.04091170365 -0.08296072869 0.01)
(-0.04624999981 -0.08010734996 0.01)
(-0.05139024636 -0.07691093926 0.01)
(-0.056310432 -0.07338518412 0.01)
(-0.06098948771 -0.06954518235 0.01)
(-0.06540737708 -0.06540737744 0.01)
(-0.0062132971 -0.09479659772 0.01)
(-0.01239998808 -0.09418726185 0.01)
(-0.0185335804 -0.09317460168 0.01)
(-0.02458780909 -0.09176295355 0.01)
(-0.03053674901 -0.08995836237 0.01)
(-0.03635492588 -0.08776855567 0.01)
(-0.04201742537 -0.08520291054 0.01)
(-0.0474999998 -0.08227241347 0.01)
(-0.05277917194 -0.0789896133 0.01)
(-0.05783233556 -0.07536856747 0.01)
(-0.06263785225 -0.07142478187 0.01)
(-0.06717514403 -0.06717514439 0.01)
(-0.006376804918 -0.09729124503 0.01)
(-0.01272630355 -0.09666587401 0.01)
(-0.0190213062 -0.09562656488 0.01)
(-0.0252348567 -0.09417776812 0.01)
(-0.03134034767 -0.09232568769 0.01)
(-0.03731163445 -0.0900782545 0.01)
(-0.04312314709 -0.0874450924 0.01)
(-0.0487499998 -0.08443747699 0.01)
(-0.05416809752 -0.08106828733 0.01)
(-0.05935423913 -0.07735195083 0.01)
(-0.06428621678 -0.0733043814 0.01)
(-0.06894291098 -0.06894291135 0.01)
(-0.006540312736 -0.09978589234 0.01)
(-0.01305261903 -0.09914448616 0.01)
(-0.019509032 -0.09807852808 0.01)
(-0.02588190431 -0.09659258268 0.01)
(-0.03214394632 -0.09469301302 0.01)
(-0.03826834303 -0.09238795334 0.01)
(-0.04422886881 -0.08968727426 0.01)
(-0.04999999979 -0.0866025405 0.01)
(-0.0555570231 -0.08314696137 0.01)
(-0.0608761427 -0.07933533418 0.01)
(-0.06593458131 -0.07518398092 0.01)
(-0.07071067793 -0.07071067831 0.01)
(-0.0512652415 -0.05126524177 0)
(-0.05450838594 -0.04780257171 0)
(-0.0575181171 -0.0441352037 0)
(-0.06028154685 -0.04027884196 0)
(-0.06278684175 -0.03625000004 0)
(-0.06502327376 -0.03206593005 0)
(-0.06698126612 -0.02774454882 0)
(-0.06865243441 -0.02330436117 0)
(-0.07002962243 -0.01876438067 0)
(-0.07110693286 -0.0141440482 0)
(-0.07187975247 -0.009463148753 0)
(-0.07234477195 -0.004741726647 0)
(-0.0725 2.602600269e-10 0)
(-0.05303300845 -0.05303300873 0)
(-0.05638798545 -0.04945093625 0)
(-0.05950150045 -0.04565710727 0)
(-0.06236022088 -0.04166776755 0)
(-0.06495190526 -0.03750000004 0)
(-0.06726545561 -0.03317165177 0)
(-0.06929096495 -0.0287012574 0)
(-0.07101975974 -0.02410795983 0)
(-0.072444437 -0.01941142827 0)
(-0.07355889606 -0.014631774 0)
(-0.07435836463 -0.009789464227 0)
(-0.07483941926 -0.004905234463 0)
(-0.075 2.692345105e-10 0)
(-0.05480077539 -0.05480077569 0)
(-0.05826758497 -0.0510993008 0)
(-0.06148488379 -0.04717901085 0)
(-0.06443889491 -0.04305669313 0)
(-0.06711696877 -0.03875000004 0)
(-0.06950763747 -0.0342773735 0)
(-0.07160066378 -0.02965796598 0)
(-0.07338708506 -0.02491155849 0)
(-0.07485925157 -0.02005847588 0)
(-0.07601085926 -0.0151194998 0)
(-0.07683697678 -0.0101157797 0)
(-0.07733406657 -0.005068742278 0)
(-0.0775 2.782089942e-10 0)
(-0.05656854234 -0.05656854265 0)
(-0.06014718448 -0.05274766534 0)
(-0.06346826714 -0.04870091443 0)
(-0.06651756893 -0.04444561872 0)
(-0.06928203228 -0.04000000004 0)
(-0.07174981932 -0.03538309522 0)
(-0.07391036261 -0.03061467456 0)
(-0.07575441038 -0.02571515715 0)
(-0.07727406613 -0.02070552349 0)
(-0.07846282246 -0.0156072256 0)
(-0.07931558894 -0.01044209518 0)
(-0.07982871388 -0.005232250094 0)
(-0.08 2.871834779e-10 0)
(-0.05833630929 -0.0583363096 0)
(-0.062026784 -0.05439602988 0)
(-0.06545165049 -0.050222818 0)
(-0.06859624296 -0.0458345443 0)
(-0.07144709579 -0.04125000004 0)
(-0.07399200117 -0.03648881695 0)
(-0.07622006145 -0.03157138314 0)
(-0.07812173571 -0.02651875581 0)
(-0.0796888807 -0.0213525711 0)
(-0.08091478567 -0.0160949514 0)
(-0.08179420109 -0.01076841065 0)
(-0.08232336118 -0.005395757909 0)
(-0.0825 2.961579616e-10 0)
(-0.06010407624 -0.06010407656 0)
(-0.06390638351 -0.05604439442 0)
(-0.06743503384 -0.05174472158 0)
(-0.07067491699 -0.04722346989 0)
(-0.0736121593 -0.04250000004 0)
(-0.07623418303 -0.03759453867 0)
(-0.07852976028 -0.03252809172 0)
(-0.08048906103 -0.02732235447 0)
(-0.08210369527 -0.02199961871 0)
(-0.08336674887 -0.0165826772 0)
(-0.08427281324 -0.01109472612 0)
(-0.08481800849 -0.005559265724 0)
(-0.085 3.051324453e-10 0)
(-0.06187184319 -0.06187184352 0)
(-0.06578598303 -0.05769275896 0)
(-0.06941841719 -0.05326662515 0)
(-0.07275359102 -0.04861239547 0)
(-0.0757772228 -0.04375000005 0)
(-0.07847636488 -0.0387002604 0)
(-0.08083945911 -0.0334848003 0)
(-0.08285638636 -0.02812595313 0)
(-0.08451850983 -0.02264666632 0)
(-0.08581871207 -0.017070403 0)
(-0.0867514254 -0.0114210416 0)
(-0.0873126558 -0.00572277354 0)
(-0.0875 3.14106929e-10 0)
(-0.06363961014 -0.06363961048 0)
(-0.06766558254 -0.05934112351 0)
(-0.07140180054 -0.05478852873 0)
(-0.07483226505 -0.05000132106 0)
(-0.07794228631 -0.04500000005 0)
(-0.08071854673 -0.03980598213 0)
(-0.08314915794 -0.03444150888 0)
(-0.08522371168 -0.02892955179 0)
(-0.0869333244 -0.02329371393 0)
(-0.08827067527 -0.0175581288 0)
(-0.08923003755 -0.01174735707 0)
(-0.08980730311 -0.005886281355 0)
(-0.09 3.230814127e-10 0)
(-0.06540737708 -0.06540737744 0)
(-0.06954518206 -0.06098948805 0)
(-0.07338518388 -0.0563104323 0)
(-0.07691093908 -0.05139024664 0)
(-0.08010734982 -0.04625000005 0)
(-0.08296072859 -0.04091170385 0)
(-0.08545885677 -0.03539821746 0)
(-0.08759103701 -0.02973315046 0)
(-0.08934813897 -0.02394076154 0)
(-0.09072263847 -0.0180458546 0)
(-0.09170864971 -0.01207367255 0)
(-0.09230195042 -0.006049789171 0)
(-0.0925 3.320558963e-10 0)
(-0.06717514403 -0.06717514439 0)
(-0.07142478157 -0.06263785259 0)
(-0.07536856723 -0.05783233588 0)
(-0.07898961311 -0.05277917223 0)
(-0.08227241333 -0.04750000005 0)
(-0.08520291044 -0.04201742558 0)
(-0.0877685556 -0.03635492604 0)
(-0.08995836233 -0.03053674912 0)
(-0.09176295353 -0.02458780915 0)
(-0.09317460168 -0.0185335804 0)
(-0.09418726186 -0.01239998802 0)
(-0.09479659773 -0.006213296986 0)
(-0.095 3.4103038e-10 0)
(-0.06894291098 -0.06894291135 0)
(-0.07330438109 -0.06428621713 0)
(-0.07735195058 -0.05935423946 0)
(-0.08106828714 -0.05416809781 0)
(-0.08443747684 -0.04875000005 0)
(-0.0874450923 -0.0431231473 0)
(-0.09007825444 -0.03731163462 0)
(-0.09232568766 -0.03134034778 0)
(-0.0941777681 -0.02523485676 0)
(-0.09562656488 -0.0190213062 0)
(-0.09666587402 -0.0127263035 0)
(-0.09729124504 -0.006376804802 0)
(-0.0975 3.500048637e-10 0)
(-0.07071067793 -0.07071067831 0)
(-0.0751839806 -0.06593458167 0)
(-0.07933533393 -0.06087614303 0)
(-0.08314696117 -0.0555570234 0)
(-0.08660254035 -0.05000000005 0)
(-0.08968727415 -0.04422886903 0)
(-0.09238795327 -0.0382683432 0)
(-0.09469301298 -0.03214394644 0)
(-0.09659258267 -0.02588190437 0)
(-0.09807852808 -0.019509032 0)
(-0.09914448617 -0.01305261897 0)
(-0.09978589234 -0.006540312617 0)
(-0.1 3.589793474e-10 0)
(-0.0512652415 -0.05126524177 0.01)
(-0.05450838594 -0.04780257171 0.01)
(-0.0575181171 -0.0441352037 0.01)
(-0.06028154685 -0.04027884196 0.01)
(-0.06278684175 -0.03625000004 0.01)
(-0.06502327376 -0.03206593005 0.01)
(-0.06698126612 -0.02774454882 0.01)
(-0.06865243441 -0.02330436117 0.01)
(-0.07002962243 -0.01876438067 0.01)
(-0.07110693286 -0.0141440482 0.01)
(-0.07187975247 -0.009463148753 0.01)
(-0.07234477195 -0.004741726647 0.01)
(-0.0725 2.602600269e-10 0.01)
(-0.05303300845 -0.05303300873 0.01)
(-0.05638798545 -0.04945093625 0.01)
(-0.05950150045 -0.04565710727 0.01)
(-0.06236022088 -0.04166776755 0.01)
(-0.06495190526 -0.03750000004 0.01)
(-0.06726545561 -0.03317165177 0.01)
(-0.06929096495 -0.0287012574 0.01)
(-0.07101975974 -0.02410795983 0.01)
(-0.072444437 -0.01941142827 0.01)
(-0.07355889606 -0.014631774 0.01)
(-0.07435836463 -0.009789464227 0.01)
(-0.07483941926 -0.004905234463 0.01)
(-0.075 2.692345105e-10 0.01)
(-0.05480077539 -0.05480077569 0.01)
(-0.05826758497 -0.0510993008 0.01)
(-0.06148488379 -0.04717901085 0.01)
(-0.06443889491 -0.04305669313 0.01)
(-0.06711696877 -0.03875000004 0.01)
(-0.06950763747 -0.0342773735 0.01)
(-0.07160066378 -0.02965796598 0.01)
(-0.07338708506 -0.02491155849 0.01)
(-0.07485925157 -0.02005847588 0.01)
(-0.07601085926 -0.0151194998 0.01)
(-0.07683697678 -0.0101157797 0.01)
(-0.07733406657 -0.005068742278 0.01)
(-0.0775 2.782089942e-10 0.01)
(-0.05656854234 -0.05656854265 0.01)
(-0.06014718448 -0.05274766534 0.01)
(-0.06346826714 -0.04870091443 0.01)
(-0.06651756893 -0.04444561872 0.01)
(-0.06928203228 -0.04000000004 0.01)
(-0.07174981932 -0.03538309522 0.01)
(-0.07391036261 -0.03061467456 0.01)
(-0.07575441038 -0.02571515715 0.01)
(-0.07727406613 -0.02070552349 0.01)
(-0.07846282246 -0.0156072256 0.01)
(-0.07931558894 -0.01044209518 0.01)
(-0.07982871388 -0.005232250094 0.01)
(-0.08 2.871834779e-10 0.01)
(-0.05833630929 -0.0583363096 0.01)
(-0.062026784 -0.05439602988 0.01)
(-0.06545165049 -0.050222818 0.01)
(-0.06859624296 -0.0458345443 0.01)
(-0.07144709579 -0.04125000004 0.01)
(-0.07399200117 -0.03648881695 0.01)
(-0.07622006145 -0.03157138314 0.01)
(-0.07812173571 -0.02651875581 0.01)
(-0.0796888807 -0.0213525711 0.01)
(-0.08091478567 -0.0160949514 0.01)
(-0.08179420109 -0.01076841065 0.01)
(-0.08232336118 -0.005395757909 0.01)
(-0.0825 2.961579616e-10 0.01)
(-0.06010407624 -0.06010407656 0.01)
(-0.06390638351 -0.05604439442 0.01)
(-0.06743503384 -0.05174472158 0.01)
(-0.07067491699 -0.04722346989 0.01)
(-0.0736121593 -0.04250000004 0.01)
(-0.07623418303 -0.03759453867 0.01)
(-0.07852976028 -0.03252809172 0.01)
(-0.08048906103 -0.02732235447 0.01)
(-0.08210369527 -0.02199961871 0.01)
(-0.08336674887 -0.0165826772 0.01)
(-0.08427281324 -0.01109472612 0.01)
(-0.08481800849 -0.005559265724 0.01)
(-0.085 3.051324453e-10 0.01)
(-0.06187184319 -0.06187184352 0.01)
(-0.06578598303 -0.05769275896 0.01)
(-0.06941841719 -0.05326662515 0.01)
(-0.07275359102 -0.04861239547 0.01)
(-0.0757772228 -0.04375000005 0.01)
(-0.07847636488 -0.0387002604 0.01)
(-0.08083945911 -0.0334848003 0.01)
(-0.08285638636 -0.02812595313 0.01)
(-0.08451850983 -0.02264666632 0.01)
(-0.08581871207 -0.017070403 0.01)
(-0.0867514254 -0.0114210416 0.01)
(-0.0873126558 -0.00572277354 0.01)
(-0.0875 3.14106929e-10 0.01)
(-0.06363961014 -0.06363961048 0.01)
(-0.06766558254 -0.05934112351 0.01)
(-0.07140180054 -0.05478852873 0.01)
(-0.07483226505 -0.05000132106 0.01)
(-0.07794228631 -0.04500000005 0.01)
(-0.08071854673 -0.03980598213 0.01)
(-0.08314915794 -0.03444150888 0.01)
(-0.08522371168 -0.02892955179 0.01)
(-0.0869333244 -0.02329371393 0.01)
(-0.08827067527 -0.0175581288 0.01)
(-0.08923003755 -0.01174735707 0.01)
(-0.08980730311 -0.005886281355 0.01)
(-0.09 3.230814127e-10 0.01)
(-0.06540737708 -0.06540737744 0.01)
(-0.06954518206 -0.06098948805 0.01)
(-0.07338518388 -0.0563104323 0.01)
(-0.07691093908 -0.05139024664 0.01)
(-0.08010734982 -0.04625000005 0.01)
(-0.08296072859 -0.04091170385 0.01)
(-0.08545885677 -0.03539821746 0.01)
(-0.08759103701 -0.02973315046 0.01)
(-0.08934813897 -0.02394076154 0.01)
(-0.09072263847 -0.0180458546 0.01)
(-0.09170864971 -0.01207367255 0.01)
(-0.09230195042 -0.006049789171 0.01)
(-0.0925 3.320558963e-10 0.01)
(-0.06717514403 -0.06717514439 0.01)
(-0.07142478157 -0.06263785259 0.01)
(-0.07536856723 -0.05783233588 0.01)
(-0.07898961311 -0.05277917223 0.01)
(-0.08227241333 -0.04750000005 0.01)
(-0.08520291044 -0.04201742558 0.01)
(-0.0877685556 -0.03635492604 0.01)
(-0.08995836233 -0.03053674912 0.01)
(-0.09176295353 -0.02458780915 0.01)
(-0.09317460168 -0.0185335804 0.01)
(-0.09418726186 -0.01239998802 0.01)
(-0.09479659773 -0.006213296986 0.01)
(-0.095 3.4103038e-10 0.01)
(-0.06894291098 -0.06894291135 0.01)
(-0.07330438109 -0.06428621713 0.01)
(-0.07735195058 -0.05935423946 0.01)
(-0.08106828714 -0.05416809781 0.01)
(-0.08443747684 -0.04875000005 0.01)
(-0.0874450923 -0.0431231473 0.01)
(-0.09007825444 -0.03731163462 0.01)
(-0.09232568766 -0.03134034778 0.01)
(-0.0941777681 -0.02523485676 0.01)
(-0.09562656488 -0.0190213062 0.01)
(-0.09666587402 -0.0127263035 0.01)
(-0.09729124504 -0.006376804802 0.01)
(-0.0975 3.500048637e-10 0.01)
(-0.07071067793 -0.07071067831 0.01)
(-0.0751839806 -0.06593458167 0.01)
(-0.07933533393 -0.06087614303 0.01)
(-0.08314696117 -0.0555570234 0.01)
(-0.08660254035 -0.05000000005 0.01)
(-0.08968727415 -0.04422886903 0.01)
(-0.09238795327 -0.0382683432 0.01)
(-0.09469301298 -0.03214394644 0.01)
(-0.09659258267 -0.02588190437 0.01)
(-0.09807852808 -0.019509032 0.01)
(-0.09914448617 -0.01305261897 0.01)
(-0.09978589234 -0.006540312617 0.01)
(-0.1 3.589793474e-10 0.01)
)


// ************************************************************************* //
