/*--------------------------------*- C++ -*----------------------------------*\
  =========                 |
  \\      /  F ield         | OpenFOAM: The Open Source CFD Toolbox
   \\    /   O peration     | Website:  https://openfoam.org
    \\  /    A nd           | Version:  6
     \\/     M anipulation  |
\*---------------------------------------------------------------------------*/
FoamFile
{
    version     2.0;
    format      ascii;
    class       faceList;
    location    "constant/polyMesh";
    object      faces;
}
// * * * * * * * * * * * * * * * * * * * * * * * * * * * * * * * * * * * * * //


3140
(
4(1 14 183 170)
4(13 182 183 14)
4(2 15 184 171)
4(14 183 184 15)
4(3 16 185 172)
4(15 184 185 16)
4(4 17 186 173)
4(16 185 186 17)
4(5 18 187 174)
4(17 186 187 18)
4(6 19 188 175)
4(18 187 188 19)
4(7 20 189 176)
4(19 188 189 20)
4(8 21 190 177)
4(20 189 190 21)
4(9 22 191 178)
4(21 190 191 22)
4(10 23 192 179)
4(22 191 192 23)
4(11 24 193 180)
4(23 192 193 24)
4(24 193 194 25)
4(12 25 194 181)
4(14 27 196 183)
4(26 195 196 27)
4(15 28 197 184)
4(27 196 197 28)
4(16 29 198 185)
4(28 197 198 29)
4(17 30 199 186)
4(29 198 199 30)
4(18 31 200 187)
4(30 199 200 31)
4(19 32 201 188)
4(31 200 201 32)
4(20 33 202 189)
4(32 201 202 33)
4(21 34 203 190)
4(33 202 203 34)
4(22 35 204 191)
4(34 203 204 35)
4(23 36 205 192)
4(35 204 205 36)
4(24 37 206 193)
4(36 205 206 37)
4(37 206 207 38)
4(25 38 207 194)
4(27 40 209 196)
4(39 208 209 40)
4(28 41 210 197)
4(40 209 210 41)
4(29 42 211 198)
4(41 210 211 42)
4(30 43 212 199)
4(42 211 212 43)
4(31 44 213 200)
4(43 212 213 44)
4(32 45 214 201)
4(44 213 214 45)
4(33 46 215 202)
4(45 214 215 46)
4(34 47 216 203)
4(46 215 216 47)
4(35 48 217 204)
4(47 216 217 48)
4(36 49 218 205)
4(48 217 218 49)
4(37 50 219 206)
4(49 218 219 50)
4(50 219 220 51)
4(38 51 220 207)
4(40 53 222 209)
4(52 221 222 53)
4(41 54 223 210)
4(53 222 223 54)
4(42 55 224 211)
4(54 223 224 55)
4(43 56 225 212)
4(55 224 225 56)
4(44 57 226 213)
4(56 225 226 57)
4(45 58 227 214)
4(57 226 227 58)
4(46 59 228 215)
4(58 227 228 59)
4(47 60 229 216)
4(59 228 229 60)
4(48 61 230 217)
4(60 229 230 61)
4(49 62 231 218)
4(61 230 231 62)
4(50 63 232 219)
4(62 231 232 63)
4(63 232 233 64)
4(51 64 233 220)
4(53 66 235 222)
4(65 234 235 66)
4(54 67 236 223)
4(66 235 236 67)
4(55 68 237 224)
4(67 236 237 68)
4(56 69 238 225)
4(68 237 238 69)
4(57 70 239 226)
4(69 238 239 70)
4(58 71 240 227)
4(70 239 240 71)
4(59 72 241 228)
4(71 240 241 72)
4(60 73 242 229)
4(72 241 242 73)
4(61 74 243 230)
4(73 242 243 74)
4(62 75 244 231)
4(74 243 244 75)
4(63 76 245 232)
4(75 244 245 76)
4(76 245 246 77)
4(64 77 246 233)
4(66 79 248 235)
4(78 247 248 79)
4(67 80 249 236)
4(79 248 249 80)
4(68 81 250 237)
4(80 249 250 81)
4(69 82 251 238)
4(81 250 251 82)
4(70 83 252 239)
4(82 251 252 83)
4(71 84 253 240)
4(83 252 253 84)
4(72 85 254 241)
4(84 253 254 85)
4(73 86 255 242)
4(85 254 255 86)
4(74 87 256 243)
4(86 255 256 87)
4(75 88 257 244)
4(87 256 257 88)
4(76 89 258 245)
4(88 257 258 89)
4(89 258 259 90)
4(77 90 259 246)
4(79 92 261 248)
4(91 260 261 92)
4(80 93 262 249)
4(92 261 262 93)
4(81 94 263 250)
4(93 262 263 94)
4(82 95 264 251)
4(94 263 264 95)
4(83 96 265 252)
4(95 264 265 96)
4(84 97 266 253)
4(96 265 266 97)
4(85 98 267 254)
4(97 266 267 98)
4(86 99 268 255)
4(98 267 268 99)
4(87 100 269 256)
4(99 268 269 100)
4(88 101 270 257)
4(100 269 270 101)
4(89 102 271 258)
4(101 270 271 102)
4(102 271 272 103)
4(90 103 272 259)
4(92 105 274 261)
4(104 273 274 105)
4(93 106 275 262)
4(105 274 275 106)
4(94 107 276 263)
4(106 275 276 107)
4(95 108 277 264)
4(107 276 277 108)
4(96 109 278 265)
4(108 277 278 109)
4(97 110 279 266)
4(109 278 279 110)
4(98 111 280 267)
4(110 279 280 111)
4(99 112 281 268)
4(111 280 281 112)
4(100 113 282 269)
4(112 281 282 113)
4(101 114 283 270)
4(113 282 283 114)
4(102 115 284 271)
4(114 283 284 115)
4(115 284 285 116)
4(103 116 285 272)
4(105 118 287 274)
4(117 286 287 118)
4(106 119 288 275)
4(118 287 288 119)
4(107 120 289 276)
4(119 288 289 120)
4(108 121 290 277)
4(120 289 290 121)
4(109 122 291 278)
4(121 290 291 122)
4(110 123 292 279)
4(122 291 292 123)
4(111 124 293 280)
4(123 292 293 124)
4(112 125 294 281)
4(124 293 294 125)
4(113 126 295 282)
4(125 294 295 126)
4(114 127 296 283)
4(126 295 296 127)
4(115 128 297 284)
4(127 296 297 128)
4(128 297 298 129)
4(116 129 298 285)
4(118 131 300 287)
4(130 299 300 131)
4(119 132 301 288)
4(131 300 301 132)
4(120 133 302 289)
4(132 301 302 133)
4(121 134 303 290)
4(133 302 303 134)
4(122 135 304 291)
4(134 303 304 135)
4(123 136 305 292)
4(135 304 305 136)
4(124 137 306 293)
4(136 305 306 137)
4(125 138 307 294)
4(137 306 307 138)
4(126 139 308 295)
4(138 307 308 139)
4(127 140 309 296)
4(139 308 309 140)
4(128 141 310 297)
4(140 309 310 141)
4(141 310 311 142)
4(129 142 311 298)
4(131 144 313 300)
4(143 312 313 144)
4(132 145 314 301)
4(144 313 314 145)
4(133 146 315 302)
4(145 314 315 146)
4(134 147 316 303)
4(146 315 316 147)
4(135 148 317 304)
4(147 316 317 148)
4(136 149 318 305)
4(148 317 318 149)
4(137 150 319 306)
4(149 318 319 150)
4(138 151 320 307)
4(150 319 320 151)
4(139 152 321 308)
4(151 320 321 152)
4(140 153 322 309)
4(152 321 322 153)
4(141 154 323 310)
4(153 322 323 154)
4(154 323 324 155)
4(142 155 324 311)
4(144 157 326 313)
4(156 325 326 157)
4(145 158 327 314)
4(157 326 327 158)
4(146 159 328 315)
4(158 327 328 159)
4(147 160 329 316)
4(159 328 329 160)
4(148 161 330 317)
4(160 329 330 161)
4(149 162 331 318)
4(161 330 331 162)
4(150 163 332 319)
4(162 331 332 163)
4(151 164 333 320)
4(163 332 333 164)
4(152 165 334 321)
4(164 333 334 165)
4(153 166 335 322)
4(165 334 335 166)
4(154 167 336 323)
4(166 335 336 167)
4(155 168 337 324)
4(167 336 337 168)
4(338 350 506 494)
4(25 194 506 350)
4(339 351 507 495)
4(350 506 507 351)
4(340 352 508 496)
4(351 507 508 352)
4(341 353 509 497)
4(352 508 509 353)
4(342 354 510 498)
4(353 509 510 354)
4(343 355 511 499)
4(354 510 511 355)
4(344 356 512 500)
4(355 511 512 356)
4(345 357 513 501)
4(356 512 513 357)
4(346 358 514 502)
4(357 513 514 358)
4(347 359 515 503)
4(358 514 515 359)
4(348 360 516 504)
4(359 515 516 360)
4(360 516 517 361)
4(350 362 518 506)
4(38 207 518 362)
4(351 363 519 507)
4(362 518 519 363)
4(352 364 520 508)
4(363 519 520 364)
4(353 365 521 509)
4(364 520 521 365)
4(354 366 522 510)
4(365 521 522 366)
4(355 367 523 511)
4(366 522 523 367)
4(356 368 524 512)
4(367 523 524 368)
4(357 369 525 513)
4(368 524 525 369)
4(358 370 526 514)
4(369 525 526 370)
4(359 371 527 515)
4(370 526 527 371)
4(360 372 528 516)
4(371 527 528 372)
4(372 528 529 373)
4(362 374 530 518)
4(51 220 530 374)
4(363 375 531 519)
4(374 530 531 375)
4(364 376 532 520)
4(375 531 532 376)
4(365 377 533 521)
4(376 532 533 377)
4(366 378 534 522)
4(377 533 534 378)
4(367 379 535 523)
4(378 534 535 379)
4(368 380 536 524)
4(379 535 536 380)
4(369 381 537 525)
4(380 536 537 381)
4(370 382 538 526)
4(381 537 538 382)
4(371 383 539 527)
4(382 538 539 383)
4(372 384 540 528)
4(383 539 540 384)
4(384 540 541 385)
4(374 386 542 530)
4(64 233 542 386)
4(375 387 543 531)
4(386 542 543 387)
4(376 388 544 532)
4(387 543 544 388)
4(377 389 545 533)
4(388 544 545 389)
4(378 390 546 534)
4(389 545 546 390)
4(379 391 547 535)
4(390 546 547 391)
4(380 392 548 536)
4(391 547 548 392)
4(381 393 549 537)
4(392 548 549 393)
4(382 394 550 538)
4(393 549 550 394)
4(383 395 551 539)
4(394 550 551 395)
4(384 396 552 540)
4(395 551 552 396)
4(396 552 553 397)
4(386 398 554 542)
4(77 246 554 398)
4(387 399 555 543)
4(398 554 555 399)
4(388 400 556 544)
4(399 555 556 400)
4(389 401 557 545)
4(400 556 557 401)
4(390 402 558 546)
4(401 557 558 402)
4(391 403 559 547)
4(402 558 559 403)
4(392 404 560 548)
4(403 559 560 404)
4(393 405 561 549)
4(404 560 561 405)
4(394 406 562 550)
4(405 561 562 406)
4(395 407 563 551)
4(406 562 563 407)
4(396 408 564 552)
4(407 563 564 408)
4(408 564 565 409)
4(398 410 566 554)
4(90 259 566 410)
4(399 411 567 555)
4(410 566 567 411)
4(400 412 568 556)
4(411 567 568 412)
4(401 413 569 557)
4(412 568 569 413)
4(402 414 570 558)
4(413 569 570 414)
4(403 415 571 559)
4(414 570 571 415)
4(404 416 572 560)
4(415 571 572 416)
4(405 417 573 561)
4(416 572 573 417)
4(406 418 574 562)
4(417 573 574 418)
4(407 419 575 563)
4(418 574 575 419)
4(408 420 576 564)
4(419 575 576 420)
4(420 576 577 421)
4(410 422 578 566)
4(103 272 578 422)
4(411 423 579 567)
4(422 578 579 423)
4(412 424 580 568)
4(423 579 580 424)
4(413 425 581 569)
4(424 580 581 425)
4(414 426 582 570)
4(425 581 582 426)
4(415 427 583 571)
4(426 582 583 427)
4(416 428 584 572)
4(427 583 584 428)
4(417 429 585 573)
4(428 584 585 429)
4(418 430 586 574)
4(429 585 586 430)
4(419 431 587 575)
4(430 586 587 431)
4(420 432 588 576)
4(431 587 588 432)
4(432 588 589 433)
4(422 434 590 578)
4(116 285 590 434)
4(423 435 591 579)
4(434 590 591 435)
4(424 436 592 580)
4(435 591 592 436)
4(425 437 593 581)
4(436 592 593 437)
4(426 438 594 582)
4(437 593 594 438)
4(427 439 595 583)
4(438 594 595 439)
4(428 440 596 584)
4(439 595 596 440)
4(429 441 597 585)
4(440 596 597 441)
4(430 442 598 586)
4(441 597 598 442)
4(431 443 599 587)
4(442 598 599 443)
4(432 444 600 588)
4(443 599 600 444)
4(444 600 601 445)
4(434 446 602 590)
4(129 298 602 446)
4(435 447 603 591)
4(446 602 603 447)
4(436 448 604 592)
4(447 603 604 448)
4(437 449 605 593)
4(448 604 605 449)
4(438 450 606 594)
4(449 605 606 450)
4(439 451 607 595)
4(450 606 607 451)
4(440 452 608 596)
4(451 607 608 452)
4(441 453 609 597)
4(452 608 609 453)
4(442 454 610 598)
4(453 609 610 454)
4(443 455 611 599)
4(454 610 611 455)
4(444 456 612 600)
4(455 611 612 456)
4(456 612 613 457)
4(446 458 614 602)
4(142 311 614 458)
4(447 459 615 603)
4(458 614 615 459)
4(448 460 616 604)
4(459 615 616 460)
4(449 461 617 605)
4(460 616 617 461)
4(450 462 618 606)
4(461 617 618 462)
4(451 463 619 607)
4(462 618 619 463)
4(452 464 620 608)
4(463 619 620 464)
4(453 465 621 609)
4(464 620 621 465)
4(454 466 622 610)
4(465 621 622 466)
4(455 467 623 611)
4(466 622 623 467)
4(456 468 624 612)
4(467 623 624 468)
4(468 624 625 469)
4(458 470 626 614)
4(155 324 626 470)
4(459 471 627 615)
4(470 626 627 471)
4(460 472 628 616)
4(471 627 628 472)
4(461 473 629 617)
4(472 628 629 473)
4(462 474 630 618)
4(473 629 630 474)
4(463 475 631 619)
4(474 630 631 475)
4(464 476 632 620)
4(475 631 632 476)
4(465 477 633 621)
4(476 632 633 477)
4(466 478 634 622)
4(477 633 634 478)
4(467 479 635 623)
4(478 634 635 479)
4(468 480 636 624)
4(479 635 636 480)
4(480 636 637 481)
4(470 482 638 626)
4(168 337 638 482)
4(471 483 639 627)
4(482 638 639 483)
4(472 484 640 628)
4(483 639 640 484)
4(473 485 641 629)
4(484 640 641 485)
4(474 486 642 630)
4(485 641 642 486)
4(475 487 643 631)
4(486 642 643 487)
4(476 488 644 632)
4(487 643 644 488)
4(477 489 645 633)
4(488 644 645 489)
4(478 490 646 634)
4(489 645 646 490)
4(479 491 647 635)
4(490 646 647 491)
4(480 492 648 636)
4(491 647 648 492)
4(492 648 649 493)
4(157 651 703 326)
4(650 702 703 651)
4(158 652 704 327)
4(651 703 704 652)
4(159 653 705 328)
4(652 704 705 653)
4(160 654 706 329)
4(653 705 706 654)
4(161 655 707 330)
4(654 706 707 655)
4(162 656 708 331)
4(655 707 708 656)
4(163 657 709 332)
4(656 708 709 657)
4(164 658 710 333)
4(657 709 710 658)
4(165 659 711 334)
4(658 710 711 659)
4(166 660 712 335)
4(659 711 712 660)
4(167 661 713 336)
4(660 712 713 661)
4(661 713 714 662)
4(168 662 714 337)
4(651 664 716 703)
4(663 715 716 664)
4(652 665 717 704)
4(664 716 717 665)
4(653 666 718 705)
4(665 717 718 666)
4(654 667 719 706)
4(666 718 719 667)
4(655 668 720 707)
4(667 719 720 668)
4(656 669 721 708)
4(668 720 721 669)
4(657 670 722 709)
4(669 721 722 670)
4(658 671 723 710)
4(670 722 723 671)
4(659 672 724 711)
4(671 723 724 672)
4(660 673 725 712)
4(672 724 725 673)
4(661 674 726 713)
4(673 725 726 674)
4(674 726 727 675)
4(662 675 727 714)
4(664 677 729 716)
4(676 728 729 677)
4(665 678 730 717)
4(677 729 730 678)
4(666 679 731 718)
4(678 730 731 679)
4(667 680 732 719)
4(679 731 732 680)
4(668 681 733 720)
4(680 732 733 681)
4(669 682 734 721)
4(681 733 734 682)
4(670 683 735 722)
4(682 734 735 683)
4(671 684 736 723)
4(683 735 736 684)
4(672 685 737 724)
4(684 736 737 685)
4(673 686 738 725)
4(685 737 738 686)
4(674 687 739 726)
4(686 738 739 687)
4(687 739 740 688)
4(675 688 740 727)
4(677 690 742 729)
4(689 741 742 690)
4(678 691 743 730)
4(690 742 743 691)
4(679 692 744 731)
4(691 743 744 692)
4(680 693 745 732)
4(692 744 745 693)
4(681 694 746 733)
4(693 745 746 694)
4(682 695 747 734)
4(694 746 747 695)
4(683 696 748 735)
4(695 747 748 696)
4(684 697 749 736)
4(696 748 749 697)
4(685 698 750 737)
4(697 749 750 698)
4(686 699 751 738)
4(698 750 751 699)
4(687 700 752 739)
4(699 751 752 700)
4(688 701 753 740)
4(700 752 753 701)
4(482 754 802 638)
4(662 714 802 754)
4(483 755 803 639)
4(754 802 803 755)
4(484 756 804 640)
4(755 803 804 756)
4(485 757 805 641)
4(756 804 805 757)
4(486 758 806 642)
4(757 805 806 758)
4(487 759 807 643)
4(758 806 807 759)
4(488 760 808 644)
4(759 807 808 760)
4(489 761 809 645)
4(760 808 809 761)
4(490 762 810 646)
4(761 809 810 762)
4(491 763 811 647)
4(762 810 811 763)
4(492 764 812 648)
4(763 811 812 764)
4(764 812 813 765)
4(754 766 814 802)
4(675 727 814 766)
4(755 767 815 803)
4(766 814 815 767)
4(756 768 816 804)
4(767 815 816 768)
4(757 769 817 805)
4(768 816 817 769)
4(758 770 818 806)
4(769 817 818 770)
4(759 771 819 807)
4(770 818 819 771)
4(760 772 820 808)
4(771 819 820 772)
4(761 773 821 809)
4(772 820 821 773)
4(762 774 822 810)
4(773 821 822 774)
4(763 775 823 811)
4(774 822 823 775)
4(764 776 824 812)
4(775 823 824 776)
4(776 824 825 777)
4(766 778 826 814)
4(688 740 826 778)
4(767 779 827 815)
4(778 826 827 779)
4(768 780 828 816)
4(779 827 828 780)
4(769 781 829 817)
4(780 828 829 781)
4(770 782 830 818)
4(781 829 830 782)
4(771 783 831 819)
4(782 830 831 783)
4(772 784 832 820)
4(783 831 832 784)
4(773 785 833 821)
4(784 832 833 785)
4(774 786 834 822)
4(785 833 834 786)
4(775 787 835 823)
4(786 834 835 787)
4(776 788 836 824)
4(787 835 836 788)
4(788 836 837 789)
4(778 790 838 826)
4(701 753 838 790)
4(779 791 839 827)
4(790 838 839 791)
4(780 792 840 828)
4(791 839 840 792)
4(781 793 841 829)
4(792 840 841 793)
4(782 794 842 830)
4(793 841 842 794)
4(783 795 843 831)
4(794 842 843 795)
4(784 796 844 832)
4(795 843 844 796)
4(785 797 845 833)
4(796 844 845 797)
4(786 798 846 834)
4(797 845 846 798)
4(787 799 847 835)
4(798 846 847 799)
4(788 800 848 836)
4(799 847 848 800)
4(800 848 849 801)
4(690 851 903 742)
4(850 902 903 851)
4(691 852 904 743)
4(851 903 904 852)
4(692 853 905 744)
4(852 904 905 853)
4(693 854 906 745)
4(853 905 906 854)
4(694 855 907 746)
4(854 906 907 855)
4(695 856 908 747)
4(855 907 908 856)
4(696 857 909 748)
4(856 908 909 857)
4(697 858 910 749)
4(857 909 910 858)
4(698 859 911 750)
4(858 910 911 859)
4(699 860 912 751)
4(859 911 912 860)
4(700 861 913 752)
4(860 912 913 861)
4(861 913 914 862)
4(701 862 914 753)
4(851 864 916 903)
4(863 915 916 864)
4(852 865 917 904)
4(864 916 917 865)
4(853 866 918 905)
4(865 917 918 866)
4(854 867 919 906)
4(866 918 919 867)
4(855 868 920 907)
4(867 919 920 868)
4(856 869 921 908)
4(868 920 921 869)
4(857 870 922 909)
4(869 921 922 870)
4(858 871 923 910)
4(870 922 923 871)
4(859 872 924 911)
4(871 923 924 872)
4(860 873 925 912)
4(872 924 925 873)
4(861 874 926 913)
4(873 925 926 874)
4(874 926 927 875)
4(862 875 927 914)
4(864 877 929 916)
4(876 928 929 877)
4(865 878 930 917)
4(877 929 930 878)
4(866 879 931 918)
4(878 930 931 879)
4(867 880 932 919)
4(879 931 932 880)
4(868 881 933 920)
4(880 932 933 881)
4(869 882 934 921)
4(881 933 934 882)
4(870 883 935 922)
4(882 934 935 883)
4(871 884 936 923)
4(883 935 936 884)
4(872 885 937 924)
4(884 936 937 885)
4(873 886 938 925)
4(885 937 938 886)
4(874 887 939 926)
4(886 938 939 887)
4(887 939 940 888)
4(875 888 940 927)
4(877 890 942 929)
4(889 941 942 890)
4(878 891 943 930)
4(890 942 943 891)
4(879 892 944 931)
4(891 943 944 892)
4(880 893 945 932)
4(892 944 945 893)
4(881 894 946 933)
4(893 945 946 894)
4(882 895 947 934)
4(894 946 947 895)
4(883 896 948 935)
4(895 947 948 896)
4(884 897 949 936)
4(896 948 949 897)
4(885 898 950 937)
4(897 949 950 898)
4(886 899 951 938)
4(898 950 951 899)
4(887 900 952 939)
4(899 951 952 900)
4(888 901 953 940)
4(900 952 953 901)
4(790 954 1002 838)
4(862 914 1002 954)
4(791 955 1003 839)
4(954 1002 1003 955)
4(792 956 1004 840)
4(955 1003 1004 956)
4(793 957 1005 841)
4(956 1004 1005 957)
4(794 958 1006 842)
4(957 1005 1006 958)
4(795 959 1007 843)
4(958 1006 1007 959)
4(796 960 1008 844)
4(959 1007 1008 960)
4(797 961 1009 845)
4(960 1008 1009 961)
4(798 962 1010 846)
4(961 1009 1010 962)
4(799 963 1011 847)
4(962 1010 1011 963)
4(800 964 1012 848)
4(963 1011 1012 964)
4(964 1012 1013 965)
4(954 966 1014 1002)
4(875 927 1014 966)
4(955 967 1015 1003)
4(966 1014 1015 967)
4(956 968 1016 1004)
4(967 1015 1016 968)
4(957 969 1017 1005)
4(968 1016 1017 969)
4(958 970 1018 1006)
4(969 1017 1018 970)
4(959 971 1019 1007)
4(970 1018 1019 971)
4(960 972 1020 1008)
4(971 1019 1020 972)
4(961 973 1021 1009)
4(972 1020 1021 973)
4(962 974 1022 1010)
4(973 1021 1022 974)
4(963 975 1023 1011)
4(974 1022 1023 975)
4(964 976 1024 1012)
4(975 1023 1024 976)
4(976 1024 1025 977)
4(966 978 1026 1014)
4(888 940 1026 978)
4(967 979 1027 1015)
4(978 1026 1027 979)
4(968 980 1028 1016)
4(979 1027 1028 980)
4(969 981 1029 1017)
4(980 1028 1029 981)
4(970 982 1030 1018)
4(981 1029 1030 982)
4(971 983 1031 1019)
4(982 1030 1031 983)
4(972 984 1032 1020)
4(983 1031 1032 984)
4(973 985 1033 1021)
4(984 1032 1033 985)
4(974 986 1034 1022)
4(985 1033 1034 986)
4(975 987 1035 1023)
4(986 1034 1035 987)
4(976 988 1036 1024)
4(987 1035 1036 988)
4(988 1036 1037 989)
4(978 990 1038 1026)
4(901 953 1038 990)
4(979 991 1039 1027)
4(990 1038 1039 991)
4(980 992 1040 1028)
4(991 1039 1040 992)
4(981 993 1041 1029)
4(992 1040 1041 993)
4(982 994 1042 1030)
4(993 1041 1042 994)
4(983 995 1043 1031)
4(994 1042 1043 995)
4(984 996 1044 1032)
4(995 1043 1044 996)
4(985 997 1045 1033)
4(996 1044 1045 997)
4(986 998 1046 1034)
4(997 1045 1046 998)
4(987 999 1047 1035)
4(998 1046 1047 999)
4(988 1000 1048 1036)
4(999 1047 1048 1000)
4(1000 1048 1049 1001)
4(890 1051 1207 942)
4(1050 1206 1207 1051)
4(891 1052 1208 943)
4(1051 1207 1208 1052)
4(892 1053 1209 944)
4(1052 1208 1209 1053)
4(893 1054 1210 945)
4(1053 1209 1210 1054)
4(894 1055 1211 946)
4(1054 1210 1211 1055)
4(895 1056 1212 947)
4(1055 1211 1212 1056)
4(896 1057 1213 948)
4(1056 1212 1213 1057)
4(897 1058 1214 949)
4(1057 1213 1214 1058)
4(898 1059 1215 950)
4(1058 1214 1215 1059)
4(899 1060 1216 951)
4(1059 1215 1216 1060)
4(900 1061 1217 952)
4(1060 1216 1217 1061)
4(1061 1217 1218 1062)
4(1051 1064 1220 1207)
4(1063 1219 1220 1064)
4(1052 1065 1221 1208)
4(1064 1220 1221 1065)
4(1053 1066 1222 1209)
4(1065 1221 1222 1066)
4(1054 1067 1223 1210)
4(1066 1222 1223 1067)
4(1055 1068 1224 1211)
4(1067 1223 1224 1068)
4(1056 1069 1225 1212)
4(1068 1224 1225 1069)
4(1057 1070 1226 1213)
4(1069 1225 1226 1070)
4(1058 1071 1227 1214)
4(1070 1226 1227 1071)
4(1059 1072 1228 1215)
4(1071 1227 1228 1072)
4(1060 1073 1229 1216)
4(1072 1228 1229 1073)
4(1061 1074 1230 1217)
4(1073 1229 1230 1074)
4(1074 1230 1231 1075)
4(1064 1077 1233 1220)
4(1076 1232 1233 1077)
4(1065 1078 1234 1221)
4(1077 1233 1234 1078)
4(1066 1079 1235 1222)
4(1078 1234 1235 1079)
4(1067 1080 1236 1223)
4(1079 1235 1236 1080)
4(1068 1081 1237 1224)
4(1080 1236 1237 1081)
4(1069 1082 1238 1225)
4(1081 1237 1238 1082)
4(1070 1083 1239 1226)
4(1082 1238 1239 1083)
4(1071 1084 1240 1227)
4(1083 1239 1240 1084)
4(1072 1085 1241 1228)
4(1084 1240 1241 1085)
4(1073 1086 1242 1229)
4(1085 1241 1242 1086)
4(1074 1087 1243 1230)
4(1086 1242 1243 1087)
4(1087 1243 1244 1088)
4(1077 1090 1246 1233)
4(1089 1245 1246 1090)
4(1078 1091 1247 1234)
4(1090 1246 1247 1091)
4(1079 1092 1248 1235)
4(1091 1247 1248 1092)
4(1080 1093 1249 1236)
4(1092 1248 1249 1093)
4(1081 1094 1250 1237)
4(1093 1249 1250 1094)
4(1082 1095 1251 1238)
4(1094 1250 1251 1095)
4(1083 1096 1252 1239)
4(1095 1251 1252 1096)
4(1084 1097 1253 1240)
4(1096 1252 1253 1097)
4(1085 1098 1254 1241)
4(1097 1253 1254 1098)
4(1086 1099 1255 1242)
4(1098 1254 1255 1099)
4(1087 1100 1256 1243)
4(1099 1255 1256 1100)
4(1100 1256 1257 1101)
4(1090 1103 1259 1246)
4(1102 1258 1259 1103)
4(1091 1104 1260 1247)
4(1103 1259 1260 1104)
4(1092 1105 1261 1248)
4(1104 1260 1261 1105)
4(1093 1106 1262 1249)
4(1105 1261 1262 1106)
4(1094 1107 1263 1250)
4(1106 1262 1263 1107)
4(1095 1108 1264 1251)
4(1107 1263 1264 1108)
4(1096 1109 1265 1252)
4(1108 1264 1265 1109)
4(1097 1110 1266 1253)
4(1109 1265 1266 1110)
4(1098 1111 1267 1254)
4(1110 1266 1267 1111)
4(1099 1112 1268 1255)
4(1111 1267 1268 1112)
4(1100 1113 1269 1256)
4(1112 1268 1269 1113)
4(1113 1269 1270 1114)
4(1103 1116 1272 1259)
4(1115 1271 1272 1116)
4(1104 1117 1273 1260)
4(1116 1272 1273 1117)
4(1105 1118 1274 1261)
4(1117 1273 1274 1118)
4(1106 1119 1275 1262)
4(1118 1274 1275 1119)
4(1107 1120 1276 1263)
4(1119 1275 1276 1120)
4(1108 1121 1277 1264)
4(1120 1276 1277 1121)
4(1109 1122 1278 1265)
4(1121 1277 1278 1122)
4(1110 1123 1279 1266)
4(1122 1278 1279 1123)
4(1111 1124 1280 1267)
4(1123 1279 1280 1124)
4(1112 1125 1281 1268)
4(1124 1280 1281 1125)
4(1113 1126 1282 1269)
4(1125 1281 1282 1126)
4(1126 1282 1283 1127)
4(1116 1129 1285 1272)
4(1128 1284 1285 1129)
4(1117 1130 1286 1273)
4(1129 1285 1286 1130)
4(1118 1131 1287 1274)
4(1130 1286 1287 1131)
4(1119 1132 1288 1275)
4(1131 1287 1288 1132)
4(1120 1133 1289 1276)
4(1132 1288 1289 1133)
4(1121 1134 1290 1277)
4(1133 1289 1290 1134)
4(1122 1135 1291 1278)
4(1134 1290 1291 1135)
4(1123 1136 1292 1279)
4(1135 1291 1292 1136)
4(1124 1137 1293 1280)
4(1136 1292 1293 1137)
4(1125 1138 1294 1281)
4(1137 1293 1294 1138)
4(1126 1139 1295 1282)
4(1138 1294 1295 1139)
4(1139 1295 1296 1140)
4(1129 1142 1298 1285)
4(1141 1297 1298 1142)
4(1130 1143 1299 1286)
4(1142 1298 1299 1143)
4(1131 1144 1300 1287)
4(1143 1299 1300 1144)
4(1132 1145 1301 1288)
4(1144 1300 1301 1145)
4(1133 1146 1302 1289)
4(1145 1301 1302 1146)
4(1134 1147 1303 1290)
4(1146 1302 1303 1147)
4(1135 1148 1304 1291)
4(1147 1303 1304 1148)
4(1136 1149 1305 1292)
4(1148 1304 1305 1149)
4(1137 1150 1306 1293)
4(1149 1305 1306 1150)
4(1138 1151 1307 1294)
4(1150 1306 1307 1151)
4(1139 1152 1308 1295)
4(1151 1307 1308 1152)
4(1152 1308 1309 1153)
4(1142 1155 1311 1298)
4(1154 1310 1311 1155)
4(1143 1156 1312 1299)
4(1155 1311 1312 1156)
4(1144 1157 1313 1300)
4(1156 1312 1313 1157)
4(1145 1158 1314 1301)
4(1157 1313 1314 1158)
4(1146 1159 1315 1302)
4(1158 1314 1315 1159)
4(1147 1160 1316 1303)
4(1159 1315 1316 1160)
4(1148 1161 1317 1304)
4(1160 1316 1317 1161)
4(1149 1162 1318 1305)
4(1161 1317 1318 1162)
4(1150 1163 1319 1306)
4(1162 1318 1319 1163)
4(1151 1164 1320 1307)
4(1163 1319 1320 1164)
4(1152 1165 1321 1308)
4(1164 1320 1321 1165)
4(1165 1321 1322 1166)
4(1155 1168 1324 1311)
4(1167 1323 1324 1168)
4(1156 1169 1325 1312)
4(1168 1324 1325 1169)
4(1157 1170 1326 1313)
4(1169 1325 1326 1170)
4(1158 1171 1327 1314)
4(1170 1326 1327 1171)
4(1159 1172 1328 1315)
4(1171 1327 1328 1172)
4(1160 1173 1329 1316)
4(1172 1328 1329 1173)
4(1161 1174 1330 1317)
4(1173 1329 1330 1174)
4(1162 1175 1331 1318)
4(1174 1330 1331 1175)
4(1163 1176 1332 1319)
4(1175 1331 1332 1176)
4(1164 1177 1333 1320)
4(1176 1332 1333 1177)
4(1165 1178 1334 1321)
4(1177 1333 1334 1178)
4(1178 1334 1335 1179)
4(1168 1181 1337 1324)
4(1180 1336 1337 1181)
4(1169 1182 1338 1325)
4(1181 1337 1338 1182)
4(1170 1183 1339 1326)
4(1182 1338 1339 1183)
4(1171 1184 1340 1327)
4(1183 1339 1340 1184)
4(1172 1185 1341 1328)
4(1184 1340 1341 1185)
4(1173 1186 1342 1329)
4(1185 1341 1342 1186)
4(1174 1187 1343 1330)
4(1186 1342 1343 1187)
4(1175 1188 1344 1331)
4(1187 1343 1344 1188)
4(1176 1189 1345 1332)
4(1188 1344 1345 1189)
4(1177 1190 1346 1333)
4(1189 1345 1346 1190)
4(1178 1191 1347 1334)
4(1190 1346 1347 1191)
4(1191 1347 1348 1192)
4(1181 1194 1350 1337)
4(1182 1195 1351 1338)
4(1183 1196 1352 1339)
4(1184 1197 1353 1340)
4(1185 1198 1354 1341)
4(1186 1199 1355 1342)
4(1187 1200 1356 1343)
4(1188 1201 1357 1344)
4(1189 1202 1358 1345)
4(1190 1203 1359 1346)
4(1191 1204 1360 1347)
4(990 1363 1519 1038)
4(1362 1518 1519 1363)
4(991 1364 1520 1039)
4(1363 1519 1520 1364)
4(992 1365 1521 1040)
4(1364 1520 1521 1365)
4(993 1366 1522 1041)
4(1365 1521 1522 1366)
4(994 1367 1523 1042)
4(1366 1522 1523 1367)
4(995 1368 1524 1043)
4(1367 1523 1524 1368)
4(996 1369 1525 1044)
4(1368 1524 1525 1369)
4(997 1370 1526 1045)
4(1369 1525 1526 1370)
4(998 1371 1527 1046)
4(1370 1526 1527 1371)
4(999 1372 1528 1047)
4(1371 1527 1528 1372)
4(1000 1373 1529 1048)
4(1372 1528 1529 1373)
4(1373 1529 1530 1374)
4(1363 1376 1532 1519)
4(1375 1531 1532 1376)
4(1364 1377 1533 1520)
4(1376 1532 1533 1377)
4(1365 1378 1534 1521)
4(1377 1533 1534 1378)
4(1366 1379 1535 1522)
4(1378 1534 1535 1379)
4(1367 1380 1536 1523)
4(1379 1535 1536 1380)
4(1368 1381 1537 1524)
4(1380 1536 1537 1381)
4(1369 1382 1538 1525)
4(1381 1537 1538 1382)
4(1370 1383 1539 1526)
4(1382 1538 1539 1383)
4(1371 1384 1540 1527)
4(1383 1539 1540 1384)
4(1372 1385 1541 1528)
4(1384 1540 1541 1385)
4(1373 1386 1542 1529)
4(1385 1541 1542 1386)
4(1386 1542 1543 1387)
4(1376 1389 1545 1532)
4(1388 1544 1545 1389)
4(1377 1390 1546 1533)
4(1389 1545 1546 1390)
4(1378 1391 1547 1534)
4(1390 1546 1547 1391)
4(1379 1392 1548 1535)
4(1391 1547 1548 1392)
4(1380 1393 1549 1536)
4(1392 1548 1549 1393)
4(1381 1394 1550 1537)
4(1393 1549 1550 1394)
4(1382 1395 1551 1538)
4(1394 1550 1551 1395)
4(1383 1396 1552 1539)
4(1395 1551 1552 1396)
4(1384 1397 1553 1540)
4(1396 1552 1553 1397)
4(1385 1398 1554 1541)
4(1397 1553 1554 1398)
4(1386 1399 1555 1542)
4(1398 1554 1555 1399)
4(1399 1555 1556 1400)
4(1389 1402 1558 1545)
4(1401 1557 1558 1402)
4(1390 1403 1559 1546)
4(1402 1558 1559 1403)
4(1391 1404 1560 1547)
4(1403 1559 1560 1404)
4(1392 1405 1561 1548)
4(1404 1560 1561 1405)
4(1393 1406 1562 1549)
4(1405 1561 1562 1406)
4(1394 1407 1563 1550)
4(1406 1562 1563 1407)
4(1395 1408 1564 1551)
4(1407 1563 1564 1408)
4(1396 1409 1565 1552)
4(1408 1564 1565 1409)
4(1397 1410 1566 1553)
4(1409 1565 1566 1410)
4(1398 1411 1567 1554)
4(1410 1566 1567 1411)
4(1399 1412 1568 1555)
4(1411 1567 1568 1412)
4(1412 1568 1569 1413)
4(1402 1415 1571 1558)
4(1414 1570 1571 1415)
4(1403 1416 1572 1559)
4(1415 1571 1572 1416)
4(1404 1417 1573 1560)
4(1416 1572 1573 1417)
4(1405 1418 1574 1561)
4(1417 1573 1574 1418)
4(1406 1419 1575 1562)
4(1418 1574 1575 1419)
4(1407 1420 1576 1563)
4(1419 1575 1576 1420)
4(1408 1421 1577 1564)
4(1420 1576 1577 1421)
4(1409 1422 1578 1565)
4(1421 1577 1578 1422)
4(1410 1423 1579 1566)
4(1422 1578 1579 1423)
4(1411 1424 1580 1567)
4(1423 1579 1580 1424)
4(1412 1425 1581 1568)
4(1424 1580 1581 1425)
4(1425 1581 1582 1426)
4(1415 1428 1584 1571)
4(1427 1583 1584 1428)
4(1416 1429 1585 1572)
4(1428 1584 1585 1429)
4(1417 1430 1586 1573)
4(1429 1585 1586 1430)
4(1418 1431 1587 1574)
4(1430 1586 1587 1431)
4(1419 1432 1588 1575)
4(1431 1587 1588 1432)
4(1420 1433 1589 1576)
4(1432 1588 1589 1433)
4(1421 1434 1590 1577)
4(1433 1589 1590 1434)
4(1422 1435 1591 1578)
4(1434 1590 1591 1435)
4(1423 1436 1592 1579)
4(1435 1591 1592 1436)
4(1424 1437 1593 1580)
4(1436 1592 1593 1437)
4(1425 1438 1594 1581)
4(1437 1593 1594 1438)
4(1438 1594 1595 1439)
4(1428 1441 1597 1584)
4(1440 1596 1597 1441)
4(1429 1442 1598 1585)
4(1441 1597 1598 1442)
4(1430 1443 1599 1586)
4(1442 1598 1599 1443)
4(1431 1444 1600 1587)
4(1443 1599 1600 1444)
4(1432 1445 1601 1588)
4(1444 1600 1601 1445)
4(1433 1446 1602 1589)
4(1445 1601 1602 1446)
4(1434 1447 1603 1590)
4(1446 1602 1603 1447)
4(1435 1448 1604 1591)
4(1447 1603 1604 1448)
4(1436 1449 1605 1592)
4(1448 1604 1605 1449)
4(1437 1450 1606 1593)
4(1449 1605 1606 1450)
4(1438 1451 1607 1594)
4(1450 1606 1607 1451)
4(1451 1607 1608 1452)
4(1441 1454 1610 1597)
4(1453 1609 1610 1454)
4(1442 1455 1611 1598)
4(1454 1610 1611 1455)
4(1443 1456 1612 1599)
4(1455 1611 1612 1456)
4(1444 1457 1613 1600)
4(1456 1612 1613 1457)
4(1445 1458 1614 1601)
4(1457 1613 1614 1458)
4(1446 1459 1615 1602)
4(1458 1614 1615 1459)
4(1447 1460 1616 1603)
4(1459 1615 1616 1460)
4(1448 1461 1617 1604)
4(1460 1616 1617 1461)
4(1449 1462 1618 1605)
4(1461 1617 1618 1462)
4(1450 1463 1619 1606)
4(1462 1618 1619 1463)
4(1451 1464 1620 1607)
4(1463 1619 1620 1464)
4(1464 1620 1621 1465)
4(1454 1467 1623 1610)
4(1466 1622 1623 1467)
4(1455 1468 1624 1611)
4(1467 1623 1624 1468)
4(1456 1469 1625 1612)
4(1468 1624 1625 1469)
4(1457 1470 1626 1613)
4(1469 1625 1626 1470)
4(1458 1471 1627 1614)
4(1470 1626 1627 1471)
4(1459 1472 1628 1615)
4(1471 1627 1628 1472)
4(1460 1473 1629 1616)
4(1472 1628 1629 1473)
4(1461 1474 1630 1617)
4(1473 1629 1630 1474)
4(1462 1475 1631 1618)
4(1474 1630 1631 1475)
4(1463 1476 1632 1619)
4(1475 1631 1632 1476)
4(1464 1477 1633 1620)
4(1476 1632 1633 1477)
4(1477 1633 1634 1478)
4(1467 1480 1636 1623)
4(1479 1635 1636 1480)
4(1468 1481 1637 1624)
4(1480 1636 1637 1481)
4(1469 1482 1638 1625)
4(1481 1637 1638 1482)
4(1470 1483 1639 1626)
4(1482 1638 1639 1483)
4(1471 1484 1640 1627)
4(1483 1639 1640 1484)
4(1472 1485 1641 1628)
4(1484 1640 1641 1485)
4(1473 1486 1642 1629)
4(1485 1641 1642 1486)
4(1474 1487 1643 1630)
4(1486 1642 1643 1487)
4(1475 1488 1644 1631)
4(1487 1643 1644 1488)
4(1476 1489 1645 1632)
4(1488 1644 1645 1489)
4(1477 1490 1646 1633)
4(1489 1645 1646 1490)
4(1490 1646 1647 1491)
4(1480 1493 1649 1636)
4(1492 1648 1649 1493)
4(1481 1494 1650 1637)
4(1493 1649 1650 1494)
4(1482 1495 1651 1638)
4(1494 1650 1651 1495)
4(1483 1496 1652 1639)
4(1495 1651 1652 1496)
4(1484 1497 1653 1640)
4(1496 1652 1653 1497)
4(1485 1498 1654 1641)
4(1497 1653 1654 1498)
4(1486 1499 1655 1642)
4(1498 1654 1655 1499)
4(1487 1500 1656 1643)
4(1499 1655 1656 1500)
4(1488 1501 1657 1644)
4(1500 1656 1657 1501)
4(1489 1502 1658 1645)
4(1501 1657 1658 1502)
4(1490 1503 1659 1646)
4(1502 1658 1659 1503)
4(1503 1659 1660 1504)
4(1493 1506 1662 1649)
4(1494 1507 1663 1650)
4(1495 1508 1664 1651)
4(1496 1509 1665 1652)
4(1497 1510 1666 1653)
4(1498 1511 1667 1654)
4(1499 1512 1668 1655)
4(1500 1513 1669 1656)
4(1501 1514 1670 1657)
4(1502 1515 1671 1658)
4(1503 1516 1672 1659)
4(0 1 170 169)
4(1 2 171 170)
4(2 3 172 171)
4(3 4 173 172)
4(4 5 174 173)
4(5 6 175 174)
4(6 7 176 175)
4(7 8 177 176)
4(8 9 178 177)
4(9 10 179 178)
4(10 11 180 179)
4(11 12 181 180)
4(12 338 494 181)
4(338 339 495 494)
4(339 340 496 495)
4(340 341 497 496)
4(341 342 498 497)
4(342 343 499 498)
4(343 344 500 499)
4(344 345 501 500)
4(345 346 502 501)
4(346 347 503 502)
4(347 348 504 503)
4(348 349 505 504)
4(0 169 182 13)
4(13 182 195 26)
4(26 195 208 39)
4(39 208 221 52)
4(52 221 234 65)
4(65 234 247 78)
4(78 247 260 91)
4(91 260 273 104)
4(104 273 286 117)
4(117 286 299 130)
4(130 299 312 143)
4(143 312 325 156)
4(349 361 517 505)
4(361 373 529 517)
4(373 385 541 529)
4(385 397 553 541)
4(397 409 565 553)
4(409 421 577 565)
4(421 433 589 577)
4(433 445 601 589)
4(445 457 613 601)
4(457 469 625 613)
4(469 481 637 625)
4(481 493 649 637)
4(1193 1349 1350 1194)
4(1194 1350 1351 1195)
4(1195 1351 1352 1196)
4(1196 1352 1353 1197)
4(1197 1353 1354 1198)
4(1198 1354 1355 1199)
4(1199 1355 1356 1200)
4(1200 1356 1357 1201)
4(1201 1357 1358 1202)
4(1202 1358 1359 1203)
4(1203 1359 1360 1204)
4(1204 1360 1361 1205)
4(1505 1661 1662 1506)
4(1506 1662 1663 1507)
4(1507 1663 1664 1508)
4(1508 1664 1665 1509)
4(1509 1665 1666 1510)
4(1510 1666 1667 1511)
4(1511 1667 1668 1512)
4(1512 1668 1669 1513)
4(1513 1669 1670 1514)
4(1514 1670 1671 1515)
4(1515 1671 1672 1516)
4(1516 1672 1673 1517)
4(901 953 1518 1362)
4(1362 1518 1531 1375)
4(1375 1531 1544 1388)
4(1388 1544 1557 1401)
4(1401 1557 1570 1414)
4(1414 1570 1583 1427)
4(1427 1583 1596 1440)
4(1440 1596 1609 1453)
4(1453 1609 1622 1466)
4(1466 1622 1635 1479)
4(1479 1635 1648 1492)
4(1492 1648 1661 1505)
4(901 1062 1218 953)
4(1062 1075 1231 1218)
4(1075 1088 1244 1231)
4(1088 1101 1257 1244)
4(1101 1114 1270 1257)
4(1114 1127 1283 1270)
4(1127 1140 1296 1283)
4(1140 1153 1309 1296)
4(1153 1166 1322 1309)
4(1166 1179 1335 1322)
4(1179 1192 1348 1335)
4(1192 1205 1361 1348)
4(169 170 183 182)
4(182 183 196 195)
4(195 196 209 208)
4(208 209 222 221)
4(221 222 235 234)
4(234 235 248 247)
4(247 248 261 260)
4(260 261 274 273)
4(273 274 287 286)
4(286 287 300 299)
4(299 300 313 312)
4(312 313 326 325)
4(170 171 184 183)
4(183 184 197 196)
4(196 197 210 209)
4(209 210 223 222)
4(222 223 236 235)
4(235 236 249 248)
4(248 249 262 261)
4(261 262 275 274)
4(274 275 288 287)
4(287 288 301 300)
4(300 301 314 313)
4(313 314 327 326)
4(171 172 185 184)
4(184 185 198 197)
4(197 198 211 210)
4(210 211 224 223)
4(223 224 237 236)
4(236 237 250 249)
4(249 250 263 262)
4(262 263 276 275)
4(275 276 289 288)
4(288 289 302 301)
4(301 302 315 314)
4(314 315 328 327)
4(172 173 186 185)
4(185 186 199 198)
4(198 199 212 211)
4(211 212 225 224)
4(224 225 238 237)
4(237 238 251 250)
4(250 251 264 263)
4(263 264 277 276)
4(276 277 290 289)
4(289 290 303 302)
4(302 303 316 315)
4(315 316 329 328)
4(173 174 187 186)
4(186 187 200 199)
4(199 200 213 212)
4(212 213 226 225)
4(225 226 239 238)
4(238 239 252 251)
4(251 252 265 264)
4(264 265 278 277)
4(277 278 291 290)
4(290 291 304 303)
4(303 304 317 316)
4(316 317 330 329)
4(174 175 188 187)
4(187 188 201 200)
4(200 201 214 213)
4(213 214 227 226)
4(226 227 240 239)
4(239 240 253 252)
4(252 253 266 265)
4(265 266 279 278)
4(278 279 292 291)
4(291 292 305 304)
4(304 305 318 317)
4(317 318 331 330)
4(175 176 189 188)
4(188 189 202 201)
4(201 202 215 214)
4(214 215 228 227)
4(227 228 241 240)
4(240 241 254 253)
4(253 254 267 266)
4(266 267 280 279)
4(279 280 293 292)
4(292 293 306 305)
4(305 306 319 318)
4(318 319 332 331)
4(176 177 190 189)
4(189 190 203 202)
4(202 203 216 215)
4(215 216 229 228)
4(228 229 242 241)
4(241 242 255 254)
4(254 255 268 267)
4(267 268 281 280)
4(280 281 294 293)
4(293 294 307 306)
4(306 307 320 319)
4(319 320 333 332)
4(177 178 191 190)
4(190 191 204 203)
4(203 204 217 216)
4(216 217 230 229)
4(229 230 243 242)
4(242 243 256 255)
4(255 256 269 268)
4(268 269 282 281)
4(281 282 295 294)
4(294 295 308 307)
4(307 308 321 320)
4(320 321 334 333)
4(178 179 192 191)
4(191 192 205 204)
4(204 205 218 217)
4(217 218 231 230)
4(230 231 244 243)
4(243 244 257 256)
4(256 257 270 269)
4(269 270 283 282)
4(282 283 296 295)
4(295 296 309 308)
4(308 309 322 321)
4(321 322 335 334)
4(179 180 193 192)
4(192 193 206 205)
4(205 206 219 218)
4(218 219 232 231)
4(231 232 245 244)
4(244 245 258 257)
4(257 258 271 270)
4(270 271 284 283)
4(283 284 297 296)
4(296 297 310 309)
4(309 310 323 322)
4(322 323 336 335)
4(180 181 194 193)
4(193 194 207 206)
4(206 207 220 219)
4(219 220 233 232)
4(232 233 246 245)
4(245 246 259 258)
4(258 259 272 271)
4(271 272 285 284)
4(284 285 298 297)
4(297 298 311 310)
4(310 311 324 323)
4(323 324 337 336)
4(181 494 506 194)
4(194 506 518 207)
4(207 518 530 220)
4(220 530 542 233)
4(233 542 554 246)
4(246 554 566 259)
4(259 566 578 272)
4(272 578 590 285)
4(285 590 602 298)
4(298 602 614 311)
4(311 614 626 324)
4(324 626 638 337)
4(494 495 507 506)
4(506 507 519 518)
4(518 519 531 530)
4(530 531 543 542)
4(542 543 555 554)
4(554 555 567 566)
4(566 567 579 578)
4(578 579 591 590)
4(590 591 603 602)
4(602 603 615 614)
4(614 615 627 626)
4(626 627 639 638)
4(495 496 508 507)
4(507 508 520 519)
4(519 520 532 531)
4(531 532 544 543)
4(543 544 556 555)
4(555 556 568 567)
4(567 568 580 579)
4(579 580 592 591)
4(591 592 604 603)
4(603 604 616 615)
4(615 616 628 627)
4(627 628 640 639)
4(496 497 509 508)
4(508 509 521 520)
4(520 521 533 532)
4(532 533 545 544)
4(544 545 557 556)
4(556 557 569 568)
4(568 569 581 580)
4(580 581 593 592)
4(592 593 605 604)
4(604 605 617 616)
4(616 617 629 628)
4(628 629 641 640)
4(497 498 510 509)
4(509 510 522 521)
4(521 522 534 533)
4(533 534 546 545)
4(545 546 558 557)
4(557 558 570 569)
4(569 570 582 581)
4(581 582 594 593)
4(593 594 606 605)
4(605 606 618 617)
4(617 618 630 629)
4(629 630 642 641)
4(498 499 511 510)
4(510 511 523 522)
4(522 523 535 534)
4(534 535 547 546)
4(546 547 559 558)
4(558 559 571 570)
4(570 571 583 582)
4(582 583 595 594)
4(594 595 607 606)
4(606 607 619 618)
4(618 619 631 630)
4(630 631 643 642)
4(499 500 512 511)
4(511 512 524 523)
4(523 524 536 535)
4(535 536 548 547)
4(547 548 560 559)
4(559 560 572 571)
4(571 572 584 583)
4(583 584 596 595)
4(595 596 608 607)
4(607 608 620 619)
4(619 620 632 631)
4(631 632 644 643)
4(500 501 513 512)
4(512 513 525 524)
4(524 525 537 536)
4(536 537 549 548)
4(548 549 561 560)
4(560 561 573 572)
4(572 573 585 584)
4(584 585 597 596)
4(596 597 609 608)
4(608 609 621 620)
4(620 621 633 632)
4(632 633 645 644)
4(501 502 514 513)
4(513 514 526 525)
4(525 526 538 537)
4(537 538 550 549)
4(549 550 562 561)
4(561 562 574 573)
4(573 574 586 585)
4(585 586 598 597)
4(597 598 610 609)
4(609 610 622 621)
4(621 622 634 633)
4(633 634 646 645)
4(502 503 515 514)
4(514 515 527 526)
4(526 527 539 538)
4(538 539 551 550)
4(550 551 563 562)
4(562 563 575 574)
4(574 575 587 586)
4(586 587 599 598)
4(598 599 611 610)
4(610 611 623 622)
4(622 623 635 634)
4(634 635 647 646)
4(503 504 516 515)
4(515 516 528 527)
4(527 528 540 539)
4(539 540 552 551)
4(551 552 564 563)
4(563 564 576 575)
4(575 576 588 587)
4(587 588 600 599)
4(599 600 612 611)
4(611 612 624 623)
4(623 624 636 635)
4(635 636 648 647)
4(504 505 517 516)
4(516 517 529 528)
4(528 529 541 540)
4(540 541 553 552)
4(552 553 565 564)
4(564 565 577 576)
4(576 577 589 588)
4(588 589 601 600)
4(600 601 613 612)
4(612 613 625 624)
4(624 625 637 636)
4(636 637 649 648)
4(325 326 703 702)
4(702 703 716 715)
4(715 716 729 728)
4(728 729 742 741)
4(326 327 704 703)
4(703 704 717 716)
4(716 717 730 729)
4(729 730 743 742)
4(327 328 705 704)
4(704 705 718 717)
4(717 718 731 730)
4(730 731 744 743)
4(328 329 706 705)
4(705 706 719 718)
4(718 719 732 731)
4(731 732 745 744)
4(329 330 707 706)
4(706 707 720 719)
4(719 720 733 732)
4(732 733 746 745)
4(330 331 708 707)
4(707 708 721 720)
4(720 721 734 733)
4(733 734 747 746)
4(331 332 709 708)
4(708 709 722 721)
4(721 722 735 734)
4(734 735 748 747)
4(332 333 710 709)
4(709 710 723 722)
4(722 723 736 735)
4(735 736 749 748)
4(333 334 711 710)
4(710 711 724 723)
4(723 724 737 736)
4(736 737 750 749)
4(334 335 712 711)
4(711 712 725 724)
4(724 725 738 737)
4(737 738 751 750)
4(335 336 713 712)
4(712 713 726 725)
4(725 726 739 738)
4(738 739 752 751)
4(336 337 714 713)
4(713 714 727 726)
4(726 727 740 739)
4(739 740 753 752)
4(337 638 802 714)
4(714 802 814 727)
4(727 814 826 740)
4(740 826 838 753)
4(638 639 803 802)
4(802 803 815 814)
4(814 815 827 826)
4(826 827 839 838)
4(639 640 804 803)
4(803 804 816 815)
4(815 816 828 827)
4(827 828 840 839)
4(640 641 805 804)
4(804 805 817 816)
4(816 817 829 828)
4(828 829 841 840)
4(641 642 806 805)
4(805 806 818 817)
4(817 818 830 829)
4(829 830 842 841)
4(642 643 807 806)
4(806 807 819 818)
4(818 819 831 830)
4(830 831 843 842)
4(643 644 808 807)
4(807 808 820 819)
4(819 820 832 831)
4(831 832 844 843)
4(644 645 809 808)
4(808 809 821 820)
4(820 821 833 832)
4(832 833 845 844)
4(645 646 810 809)
4(809 810 822 821)
4(821 822 834 833)
4(833 834 846 845)
4(646 647 811 810)
4(810 811 823 822)
4(822 823 835 834)
4(834 835 847 846)
4(647 648 812 811)
4(811 812 824 823)
4(823 824 836 835)
4(835 836 848 847)
4(648 649 813 812)
4(812 813 825 824)
4(824 825 837 836)
4(836 837 849 848)
4(741 742 903 902)
4(902 903 916 915)
4(915 916 929 928)
4(928 929 942 941)
4(742 743 904 903)
4(903 904 917 916)
4(916 917 930 929)
4(929 930 943 942)
4(743 744 905 904)
4(904 905 918 917)
4(917 918 931 930)
4(930 931 944 943)
4(744 745 906 905)
4(905 906 919 918)
4(918 919 932 931)
4(931 932 945 944)
4(745 746 907 906)
4(906 907 920 919)
4(919 920 933 932)
4(932 933 946 945)
4(746 747 908 907)
4(907 908 921 920)
4(920 921 934 933)
4(933 934 947 946)
4(747 748 909 908)
4(908 909 922 921)
4(921 922 935 934)
4(934 935 948 947)
4(748 749 910 909)
4(909 910 923 922)
4(922 923 936 935)
4(935 936 949 948)
4(749 750 911 910)
4(910 911 924 923)
4(923 924 937 936)
4(936 937 950 949)
4(750 751 912 911)
4(911 912 925 924)
4(924 925 938 937)
4(937 938 951 950)
4(751 752 913 912)
4(912 913 926 925)
4(925 926 939 938)
4(938 939 952 951)
4(752 753 914 913)
4(913 914 927 926)
4(926 927 940 939)
4(939 940 953 952)
4(753 838 1002 914)
4(914 1002 1014 927)
4(927 1014 1026 940)
4(940 1026 1038 953)
4(838 839 1003 1002)
4(1002 1003 1015 1014)
4(1014 1015 1027 1026)
4(1026 1027 1039 1038)
4(839 840 1004 1003)
4(1003 1004 1016 1015)
4(1015 1016 1028 1027)
4(1027 1028 1040 1039)
4(840 841 1005 1004)
4(1004 1005 1017 1016)
4(1016 1017 1029 1028)
4(1028 1029 1041 1040)
4(841 842 1006 1005)
4(1005 1006 1018 1017)
4(1017 1018 1030 1029)
4(1029 1030 1042 1041)
4(842 843 1007 1006)
4(1006 1007 1019 1018)
4(1018 1019 1031 1030)
4(1030 1031 1043 1042)
4(843 844 1008 1007)
4(1007 1008 1020 1019)
4(1019 1020 1032 1031)
4(1031 1032 1044 1043)
4(844 845 1009 1008)
4(1008 1009 1021 1020)
4(1020 1021 1033 1032)
4(1032 1033 1045 1044)
4(845 846 1010 1009)
4(1009 1010 1022 1021)
4(1021 1022 1034 1033)
4(1033 1034 1046 1045)
4(846 847 1011 1010)
4(1010 1011 1023 1022)
4(1022 1023 1035 1034)
4(1034 1035 1047 1046)
4(847 848 1012 1011)
4(1011 1012 1024 1023)
4(1023 1024 1036 1035)
4(1035 1036 1048 1047)
4(848 849 1013 1012)
4(1012 1013 1025 1024)
4(1024 1025 1037 1036)
4(1036 1037 1049 1048)
4(941 942 1207 1206)
4(1206 1207 1220 1219)
4(1219 1220 1233 1232)
4(1232 1233 1246 1245)
4(1245 1246 1259 1258)
4(1258 1259 1272 1271)
4(1271 1272 1285 1284)
4(1284 1285 1298 1297)
4(1297 1298 1311 1310)
4(1310 1311 1324 1323)
4(1323 1324 1337 1336)
4(1336 1337 1350 1349)
4(942 943 1208 1207)
4(1207 1208 1221 1220)
4(1220 1221 1234 1233)
4(1233 1234 1247 1246)
4(1246 1247 1260 1259)
4(1259 1260 1273 1272)
4(1272 1273 1286 1285)
4(1285 1286 1299 1298)
4(1298 1299 1312 1311)
4(1311 1312 1325 1324)
4(1324 1325 1338 1337)
4(1337 1338 1351 1350)
4(943 944 1209 1208)
4(1208 1209 1222 1221)
4(1221 1222 1235 1234)
4(1234 1235 1248 1247)
4(1247 1248 1261 1260)
4(1260 1261 1274 1273)
4(1273 1274 1287 1286)
4(1286 1287 1300 1299)
4(1299 1300 1313 1312)
4(1312 1313 1326 1325)
4(1325 1326 1339 1338)
4(1338 1339 1352 1351)
4(944 945 1210 1209)
4(1209 1210 1223 1222)
4(1222 1223 1236 1235)
4(1235 1236 1249 1248)
4(1248 1249 1262 1261)
4(1261 1262 1275 1274)
4(1274 1275 1288 1287)
4(1287 1288 1301 1300)
4(1300 1301 1314 1313)
4(1313 1314 1327 1326)
4(1326 1327 1340 1339)
4(1339 1340 1353 1352)
4(945 946 1211 1210)
4(1210 1211 1224 1223)
4(1223 1224 1237 1236)
4(1236 1237 1250 1249)
4(1249 1250 1263 1262)
4(1262 1263 1276 1275)
4(1275 1276 1289 1288)
4(1288 1289 1302 1301)
4(1301 1302 1315 1314)
4(1314 1315 1328 1327)
4(1327 1328 1341 1340)
4(1340 1341 1354 1353)
4(946 947 1212 1211)
4(1211 1212 1225 1224)
4(1224 1225 1238 1237)
4(1237 1238 1251 1250)
4(1250 1251 1264 1263)
4(1263 1264 1277 1276)
4(1276 1277 1290 1289)
4(1289 1290 1303 1302)
4(1302 1303 1316 1315)
4(1315 1316 1329 1328)
4(1328 1329 1342 1341)
4(1341 1342 1355 1354)
4(947 948 1213 1212)
4(1212 1213 1226 1225)
4(1225 1226 1239 1238)
4(1238 1239 1252 1251)
4(1251 1252 1265 1264)
4(1264 1265 1278 1277)
4(1277 1278 1291 1290)
4(1290 1291 1304 1303)
4(1303 1304 1317 1316)
4(1316 1317 1330 1329)
4(1329 1330 1343 1342)
4(1342 1343 1356 1355)
4(948 949 1214 1213)
4(1213 1214 1227 1226)
4(1226 1227 1240 1239)
4(1239 1240 1253 1252)
4(1252 1253 1266 1265)
4(1265 1266 1279 1278)
4(1278 1279 1292 1291)
4(1291 1292 1305 1304)
4(1304 1305 1318 1317)
4(1317 1318 1331 1330)
4(1330 1331 1344 1343)
4(1343 1344 1357 1356)
4(949 950 1215 1214)
4(1214 1215 1228 1227)
4(1227 1228 1241 1240)
4(1240 1241 1254 1253)
4(1253 1254 1267 1266)
4(1266 1267 1280 1279)
4(1279 1280 1293 1292)
4(1292 1293 1306 1305)
4(1305 1306 1319 1318)
4(1318 1319 1332 1331)
4(1331 1332 1345 1344)
4(1344 1345 1358 1357)
4(950 951 1216 1215)
4(1215 1216 1229 1228)
4(1228 1229 1242 1241)
4(1241 1242 1255 1254)
4(1254 1255 1268 1267)
4(1267 1268 1281 1280)
4(1280 1281 1294 1293)
4(1293 1294 1307 1306)
4(1306 1307 1320 1319)
4(1319 1320 1333 1332)
4(1332 1333 1346 1345)
4(1345 1346 1359 1358)
4(951 952 1217 1216)
4(1216 1217 1230 1229)
4(1229 1230 1243 1242)
4(1242 1243 1256 1255)
4(1255 1256 1269 1268)
4(1268 1269 1282 1281)
4(1281 1282 1295 1294)
4(1294 1295 1308 1307)
4(1307 1308 1321 1320)
4(1320 1321 1334 1333)
4(1333 1334 1347 1346)
4(1346 1347 1360 1359)
4(952 953 1218 1217)
4(1217 1218 1231 1230)
4(1230 1231 1244 1243)
4(1243 1244 1257 1256)
4(1256 1257 1270 1269)
4(1269 1270 1283 1282)
4(1282 1283 1296 1295)
4(1295 1296 1309 1308)
4(1308 1309 1322 1321)
4(1321 1322 1335 1334)
4(1334 1335 1348 1347)
4(1347 1348 1361 1360)
4(953 1038 1519 1518)
4(1518 1519 1532 1531)
4(1531 1532 1545 1544)
4(1544 1545 1558 1557)
4(1557 1558 1571 1570)
4(1570 1571 1584 1583)
4(1583 1584 1597 1596)
4(1596 1597 1610 1609)
4(1609 1610 1623 1622)
4(1622 1623 1636 1635)
4(1635 1636 1649 1648)
4(1648 1649 1662 1661)
4(1038 1039 1520 1519)
4(1519 1520 1533 1532)
4(1532 1533 1546 1545)
4(1545 1546 1559 1558)
4(1558 1559 1572 1571)
4(1571 1572 1585 1584)
4(1584 1585 1598 1597)
4(1597 1598 1611 1610)
4(1610 1611 1624 1623)
4(1623 1624 1637 1636)
4(1636 1637 1650 1649)
4(1649 1650 1663 1662)
4(1039 1040 1521 1520)
4(1520 1521 1534 1533)
4(1533 1534 1547 1546)
4(1546 1547 1560 1559)
4(1559 1560 1573 1572)
4(1572 1573 1586 1585)
4(1585 1586 1599 1598)
4(1598 1599 1612 1611)
4(1611 1612 1625 1624)
4(1624 1625 1638 1637)
4(1637 1638 1651 1650)
4(1650 1651 1664 1663)
4(1040 1041 1522 1521)
4(1521 1522 1535 1534)
4(1534 1535 1548 1547)
4(1547 1548 1561 1560)
4(1560 1561 1574 1573)
4(1573 1574 1587 1586)
4(1586 1587 1600 1599)
4(1599 1600 1613 1612)
4(1612 1613 1626 1625)
4(1625 1626 1639 1638)
4(1638 1639 1652 1651)
4(1651 1652 1665 1664)
4(1041 1042 1523 1522)
4(1522 1523 1536 1535)
4(1535 1536 1549 1548)
4(1548 1549 1562 1561)
4(1561 1562 1575 1574)
4(1574 1575 1588 1587)
4(1587 1588 1601 1600)
4(1600 1601 1614 1613)
4(1613 1614 1627 1626)
4(1626 1627 1640 1639)
4(1639 1640 1653 1652)
4(1652 1653 1666 1665)
4(1042 1043 1524 1523)
4(1523 1524 1537 1536)
4(1536 1537 1550 1549)
4(1549 1550 1563 1562)
4(1562 1563 1576 1575)
4(1575 1576 1589 1588)
4(1588 1589 1602 1601)
4(1601 1602 1615 1614)
4(1614 1615 1628 1627)
4(1627 1628 1641 1640)
4(1640 1641 1654 1653)
4(1653 1654 1667 1666)
4(1043 1044 1525 1524)
4(1524 1525 1538 1537)
4(1537 1538 1551 1550)
4(1550 1551 1564 1563)
4(1563 1564 1577 1576)
4(1576 1577 1590 1589)
4(1589 1590 1603 1602)
4(1602 1603 1616 1615)
4(1615 1616 1629 1628)
4(1628 1629 1642 1641)
4(1641 1642 1655 1654)
4(1654 1655 1668 1667)
4(1044 1045 1526 1525)
4(1525 1526 1539 1538)
4(1538 1539 1552 1551)
4(1551 1552 1565 1564)
4(1564 1565 1578 1577)
4(1577 1578 1591 1590)
4(1590 1591 1604 1603)
4(1603 1604 1617 1616)
4(1616 1617 1630 1629)
4(1629 1630 1643 1642)
4(1642 1643 1656 1655)
4(1655 1656 1669 1668)
4(1045 1046 1527 1526)
4(1526 1527 1540 1539)
4(1539 1540 1553 1552)
4(1552 1553 1566 1565)
4(1565 1566 1579 1578)
4(1578 1579 1592 1591)
4(1591 1592 1605 1604)
4(1604 1605 1618 1617)
4(1617 1618 1631 1630)
4(1630 1631 1644 1643)
4(1643 1644 1657 1656)
4(1656 1657 1670 1669)
4(1046 1047 1528 1527)
4(1527 1528 1541 1540)
4(1540 1541 1554 1553)
4(1553 1554 1567 1566)
4(1566 1567 1580 1579)
4(1579 1580 1593 1592)
4(1592 1593 1606 1605)
4(1605 1606 1619 1618)
4(1618 1619 1632 1631)
4(1631 1632 1645 1644)
4(1644 1645 1658 1657)
4(1657 1658 1671 1670)
4(1047 1048 1529 1528)
4(1528 1529 1542 1541)
4(1541 1542 1555 1554)
4(1554 1555 1568 1567)
4(1567 1568 1581 1580)
4(1580 1581 1594 1593)
4(1593 1594 1607 1606)
4(1606 1607 1620 1619)
4(1619 1620 1633 1632)
4(1632 1633 1646 1645)
4(1645 1646 1659 1658)
4(1658 1659 1672 1671)
4(1048 1049 1530 1529)
4(1529 1530 1543 1542)
4(1542 1543 1556 1555)
4(1555 1556 1569 1568)
4(1568 1569 1582 1581)
4(1581 1582 1595 1594)
4(1594 1595 1608 1607)
4(1607 1608 1621 1620)
4(1620 1621 1634 1633)
4(1633 1634 1647 1646)
4(1646 1647 1660 1659)
4(1659 1660 1673 1672)
4(0 13 14 1)
4(13 26 27 14)
4(26 39 40 27)
4(39 52 53 40)
4(52 65 66 53)
4(65 78 79 66)
4(78 91 92 79)
4(91 104 105 92)
4(104 117 118 105)
4(117 130 131 118)
4(130 143 144 131)
4(143 156 157 144)
4(1 14 15 2)
4(14 27 28 15)
4(27 40 41 28)
4(40 53 54 41)
4(53 66 67 54)
4(66 79 80 67)
4(79 92 93 80)
4(92 105 106 93)
4(105 118 119 106)
4(118 131 132 119)
4(131 144 145 132)
4(144 157 158 145)
4(2 15 16 3)
4(15 28 29 16)
4(28 41 42 29)
4(41 54 55 42)
4(54 67 68 55)
4(67 80 81 68)
4(80 93 94 81)
4(93 106 107 94)
4(106 119 120 107)
4(119 132 133 120)
4(132 145 146 133)
4(145 158 159 146)
4(3 16 17 4)
4(16 29 30 17)
4(29 42 43 30)
4(42 55 56 43)
4(55 68 69 56)
4(68 81 82 69)
4(81 94 95 82)
4(94 107 108 95)
4(107 120 121 108)
4(120 133 134 121)
4(133 146 147 134)
4(146 159 160 147)
4(4 17 18 5)
4(17 30 31 18)
4(30 43 44 31)
4(43 56 57 44)
4(56 69 70 57)
4(69 82 83 70)
4(82 95 96 83)
4(95 108 109 96)
4(108 121 122 109)
4(121 134 135 122)
4(134 147 148 135)
4(147 160 161 148)
4(5 18 19 6)
4(18 31 32 19)
4(31 44 45 32)
4(44 57 58 45)
4(57 70 71 58)
4(70 83 84 71)
4(83 96 97 84)
4(96 109 110 97)
4(109 122 123 110)
4(122 135 136 123)
4(135 148 149 136)
4(148 161 162 149)
4(6 19 20 7)
4(19 32 33 20)
4(32 45 46 33)
4(45 58 59 46)
4(58 71 72 59)
4(71 84 85 72)
4(84 97 98 85)
4(97 110 111 98)
4(110 123 124 111)
4(123 136 137 124)
4(136 149 150 137)
4(149 162 163 150)
4(7 20 21 8)
4(20 33 34 21)
4(33 46 47 34)
4(46 59 60 47)
4(59 72 73 60)
4(72 85 86 73)
4(85 98 99 86)
4(98 111 112 99)
4(111 124 125 112)
4(124 137 138 125)
4(137 150 151 138)
4(150 163 164 151)
4(8 21 22 9)
4(21 34 35 22)
4(34 47 48 35)
4(47 60 61 48)
4(60 73 74 61)
4(73 86 87 74)
4(86 99 100 87)
4(99 112 113 100)
4(112 125 126 113)
4(125 138 139 126)
4(138 151 152 139)
4(151 164 165 152)
4(9 22 23 10)
4(22 35 36 23)
4(35 48 49 36)
4(48 61 62 49)
4(61 74 75 62)
4(74 87 88 75)
4(87 100 101 88)
4(100 113 114 101)
4(113 126 127 114)
4(126 139 140 127)
4(139 152 153 140)
4(152 165 166 153)
4(10 23 24 11)
4(23 36 37 24)
4(36 49 50 37)
4(49 62 63 50)
4(62 75 76 63)
4(75 88 89 76)
4(88 101 102 89)
4(101 114 115 102)
4(114 127 128 115)
4(127 140 141 128)
4(140 153 154 141)
4(153 166 167 154)
4(11 24 25 12)
4(24 37 38 25)
4(37 50 51 38)
4(50 63 64 51)
4(63 76 77 64)
4(76 89 90 77)
4(89 102 103 90)
4(102 115 116 103)
4(115 128 129 116)
4(128 141 142 129)
4(141 154 155 142)
4(154 167 168 155)
4(12 25 350 338)
4(25 38 362 350)
4(38 51 374 362)
4(51 64 386 374)
4(64 77 398 386)
4(77 90 410 398)
4(90 103 422 410)
4(103 116 434 422)
4(116 129 446 434)
4(129 142 458 446)
4(142 155 470 458)
4(155 168 482 470)
4(338 350 351 339)
4(350 362 363 351)
4(362 374 375 363)
4(374 386 387 375)
4(386 398 399 387)
4(398 410 411 399)
4(410 422 423 411)
4(422 434 435 423)
4(434 446 447 435)
4(446 458 459 447)
4(458 470 471 459)
4(470 482 483 471)
4(339 351 352 340)
4(351 363 364 352)
4(363 375 376 364)
4(375 387 388 376)
4(387 399 400 388)
4(399 411 412 400)
4(411 423 424 412)
4(423 435 436 424)
4(435 447 448 436)
4(447 459 460 448)
4(459 471 472 460)
4(471 483 484 472)
4(340 352 353 341)
4(352 364 365 353)
4(364 376 377 365)
4(376 388 389 377)
4(388 400 401 389)
4(400 412 413 401)
4(412 424 425 413)
4(424 436 437 425)
4(436 448 449 437)
4(448 460 461 449)
4(460 472 473 461)
4(472 484 485 473)
4(341 353 354 342)
4(353 365 366 354)
4(365 377 378 366)
4(377 389 390 378)
4(389 401 402 390)
4(401 413 414 402)
4(413 425 426 414)
4(425 437 438 426)
4(437 449 450 438)
4(449 461 462 450)
4(461 473 474 462)
4(473 485 486 474)
4(342 354 355 343)
4(354 366 367 355)
4(366 378 379 367)
4(378 390 391 379)
4(390 402 403 391)
4(402 414 415 403)
4(414 426 427 415)
4(426 438 439 427)
4(438 450 451 439)
4(450 462 463 451)
4(462 474 475 463)
4(474 486 487 475)
4(343 355 356 344)
4(355 367 368 356)
4(367 379 380 368)
4(379 391 392 380)
4(391 403 404 392)
4(403 415 416 404)
4(415 427 428 416)
4(427 439 440 428)
4(439 451 452 440)
4(451 463 464 452)
4(463 475 476 464)
4(475 487 488 476)
4(344 356 357 345)
4(356 368 369 357)
4(368 380 381 369)
4(380 392 393 381)
4(392 404 405 393)
4(404 416 417 405)
4(416 428 429 417)
4(428 440 441 429)
4(440 452 453 441)
4(452 464 465 453)
4(464 476 477 465)
4(476 488 489 477)
4(345 357 358 346)
4(357 369 370 358)
4(369 381 382 370)
4(381 393 394 382)
4(393 405 406 394)
4(405 417 418 406)
4(417 429 430 418)
4(429 441 442 430)
4(441 453 454 442)
4(453 465 466 454)
4(465 477 478 466)
4(477 489 490 478)
4(346 358 359 347)
4(358 370 371 359)
4(370 382 383 371)
4(382 394 395 383)
4(394 406 407 395)
4(406 418 419 407)
4(418 430 431 419)
4(430 442 443 431)
4(442 454 455 443)
4(454 466 467 455)
4(466 478 479 467)
4(478 490 491 479)
4(347 359 360 348)
4(359 371 372 360)
4(371 383 384 372)
4(383 395 396 384)
4(395 407 408 396)
4(407 419 420 408)
4(419 431 432 420)
4(431 443 444 432)
4(443 455 456 444)
4(455 467 468 456)
4(467 479 480 468)
4(479 491 492 480)
4(348 360 361 349)
4(360 372 373 361)
4(372 384 385 373)
4(384 396 397 385)
4(396 408 409 397)
4(408 420 421 409)
4(420 432 433 421)
4(432 444 445 433)
4(444 456 457 445)
4(456 468 469 457)
4(468 480 481 469)
4(480 492 493 481)
4(156 650 651 157)
4(650 663 664 651)
4(663 676 677 664)
4(676 689 690 677)
4(157 651 652 158)
4(651 664 665 652)
4(664 677 678 665)
4(677 690 691 678)
4(158 652 653 159)
4(652 665 666 653)
4(665 678 679 666)
4(678 691 692 679)
4(159 653 654 160)
4(653 666 667 654)
4(666 679 680 667)
4(679 692 693 680)
4(160 654 655 161)
4(654 667 668 655)
4(667 680 681 668)
4(680 693 694 681)
4(161 655 656 162)
4(655 668 669 656)
4(668 681 682 669)
4(681 694 695 682)
4(162 656 657 163)
4(656 669 670 657)
4(669 682 683 670)
4(682 695 696 683)
4(163 657 658 164)
4(657 670 671 658)
4(670 683 684 671)
4(683 696 697 684)
4(164 658 659 165)
4(658 671 672 659)
4(671 684 685 672)
4(684 697 698 685)
4(165 659 660 166)
4(659 672 673 660)
4(672 685 686 673)
4(685 698 699 686)
4(166 660 661 167)
4(660 673 674 661)
4(673 686 687 674)
4(686 699 700 687)
4(167 661 662 168)
4(661 674 675 662)
4(674 687 688 675)
4(687 700 701 688)
4(168 662 754 482)
4(662 675 766 754)
4(675 688 778 766)
4(688 701 790 778)
4(482 754 755 483)
4(754 766 767 755)
4(766 778 779 767)
4(778 790 791 779)
4(483 755 756 484)
4(755 767 768 756)
4(767 779 780 768)
4(779 791 792 780)
4(484 756 757 485)
4(756 768 769 757)
4(768 780 781 769)
4(780 792 793 781)
4(485 757 758 486)
4(757 769 770 758)
4(769 781 782 770)
4(781 793 794 782)
4(486 758 759 487)
4(758 770 771 759)
4(770 782 783 771)
4(782 794 795 783)
4(487 759 760 488)
4(759 771 772 760)
4(771 783 784 772)
4(783 795 796 784)
4(488 760 761 489)
4(760 772 773 761)
4(772 784 785 773)
4(784 796 797 785)
4(489 761 762 490)
4(761 773 774 762)
4(773 785 786 774)
4(785 797 798 786)
4(490 762 763 491)
4(762 774 775 763)
4(774 786 787 775)
4(786 798 799 787)
4(491 763 764 492)
4(763 775 776 764)
4(775 787 788 776)
4(787 799 800 788)
4(492 764 765 493)
4(764 776 777 765)
4(776 788 789 777)
4(788 800 801 789)
4(689 850 851 690)
4(850 863 864 851)
4(863 876 877 864)
4(876 889 890 877)
4(690 851 852 691)
4(851 864 865 852)
4(864 877 878 865)
4(877 890 891 878)
4(691 852 853 692)
4(852 865 866 853)
4(865 878 879 866)
4(878 891 892 879)
4(692 853 854 693)
4(853 866 867 854)
4(866 879 880 867)
4(879 892 893 880)
4(693 854 855 694)
4(854 867 868 855)
4(867 880 881 868)
4(880 893 894 881)
4(694 855 856 695)
4(855 868 869 856)
4(868 881 882 869)
4(881 894 895 882)
4(695 856 857 696)
4(856 869 870 857)
4(869 882 883 870)
4(882 895 896 883)
4(696 857 858 697)
4(857 870 871 858)
4(870 883 884 871)
4(883 896 897 884)
4(697 858 859 698)
4(858 871 872 859)
4(871 884 885 872)
4(884 897 898 885)
4(698 859 860 699)
4(859 872 873 860)
4(872 885 886 873)
4(885 898 899 886)
4(699 860 861 700)
4(860 873 874 861)
4(873 886 887 874)
4(886 899 900 887)
4(700 861 862 701)
4(861 874 875 862)
4(874 887 888 875)
4(887 900 901 888)
4(701 862 954 790)
4(862 875 966 954)
4(875 888 978 966)
4(888 901 990 978)
4(790 954 955 791)
4(954 966 967 955)
4(966 978 979 967)
4(978 990 991 979)
4(791 955 956 792)
4(955 967 968 956)
4(967 979 980 968)
4(979 991 992 980)
4(792 956 957 793)
4(956 968 969 957)
4(968 980 981 969)
4(980 992 993 981)
4(793 957 958 794)
4(957 969 970 958)
4(969 981 982 970)
4(981 993 994 982)
4(794 958 959 795)
4(958 970 971 959)
4(970 982 983 971)
4(982 994 995 983)
4(795 959 960 796)
4(959 971 972 960)
4(971 983 984 972)
4(983 995 996 984)
4(796 960 961 797)
4(960 972 973 961)
4(972 984 985 973)
4(984 996 997 985)
4(797 961 962 798)
4(961 973 974 962)
4(973 985 986 974)
4(985 997 998 986)
4(798 962 963 799)
4(962 974 975 963)
4(974 986 987 975)
4(986 998 999 987)
4(799 963 964 800)
4(963 975 976 964)
4(975 987 988 976)
4(987 999 1000 988)
4(800 964 965 801)
4(964 976 977 965)
4(976 988 989 977)
4(988 1000 1001 989)
4(889 1050 1051 890)
4(1050 1063 1064 1051)
4(1063 1076 1077 1064)
4(1076 1089 1090 1077)
4(1089 1102 1103 1090)
4(1102 1115 1116 1103)
4(1115 1128 1129 1116)
4(1128 1141 1142 1129)
4(1141 1154 1155 1142)
4(1154 1167 1168 1155)
4(1167 1180 1181 1168)
4(1180 1193 1194 1181)
4(890 1051 1052 891)
4(1051 1064 1065 1052)
4(1064 1077 1078 1065)
4(1077 1090 1091 1078)
4(1090 1103 1104 1091)
4(1103 1116 1117 1104)
4(1116 1129 1130 1117)
4(1129 1142 1143 1130)
4(1142 1155 1156 1143)
4(1155 1168 1169 1156)
4(1168 1181 1182 1169)
4(1181 1194 1195 1182)
4(891 1052 1053 892)
4(1052 1065 1066 1053)
4(1065 1078 1079 1066)
4(1078 1091 1092 1079)
4(1091 1104 1105 1092)
4(1104 1117 1118 1105)
4(1117 1130 1131 1118)
4(1130 1143 1144 1131)
4(1143 1156 1157 1144)
4(1156 1169 1170 1157)
4(1169 1182 1183 1170)
4(1182 1195 1196 1183)
4(892 1053 1054 893)
4(1053 1066 1067 1054)
4(1066 1079 1080 1067)
4(1079 1092 1093 1080)
4(1092 1105 1106 1093)
4(1105 1118 1119 1106)
4(1118 1131 1132 1119)
4(1131 1144 1145 1132)
4(1144 1157 1158 1145)
4(1157 1170 1171 1158)
4(1170 1183 1184 1171)
4(1183 1196 1197 1184)
4(893 1054 1055 894)
4(1054 1067 1068 1055)
4(1067 1080 1081 1068)
4(1080 1093 1094 1081)
4(1093 1106 1107 1094)
4(1106 1119 1120 1107)
4(1119 1132 1133 1120)
4(1132 1145 1146 1133)
4(1145 1158 1159 1146)
4(1158 1171 1172 1159)
4(1171 1184 1185 1172)
4(1184 1197 1198 1185)
4(894 1055 1056 895)
4(1055 1068 1069 1056)
4(1068 1081 1082 1069)
4(1081 1094 1095 1082)
4(1094 1107 1108 1095)
4(1107 1120 1121 1108)
4(1120 1133 1134 1121)
4(1133 1146 1147 1134)
4(1146 1159 1160 1147)
4(1159 1172 1173 1160)
4(1172 1185 1186 1173)
4(1185 1198 1199 1186)
4(895 1056 1057 896)
4(1056 1069 1070 1057)
4(1069 1082 1083 1070)
4(1082 1095 1096 1083)
4(1095 1108 1109 1096)
4(1108 1121 1122 1109)
4(1121 1134 1135 1122)
4(1134 1147 1148 1135)
4(1147 1160 1161 1148)
4(1160 1173 1174 1161)
4(1173 1186 1187 1174)
4(1186 1199 1200 1187)
4(896 1057 1058 897)
4(1057 1070 1071 1058)
4(1070 1083 1084 1071)
4(1083 1096 1097 1084)
4(1096 1109 1110 1097)
4(1109 1122 1123 1110)
4(1122 1135 1136 1123)
4(1135 1148 1149 1136)
4(1148 1161 1162 1149)
4(1161 1174 1175 1162)
4(1174 1187 1188 1175)
4(1187 1200 1201 1188)
4(897 1058 1059 898)
4(1058 1071 1072 1059)
4(1071 1084 1085 1072)
4(1084 1097 1098 1085)
4(1097 1110 1111 1098)
4(1110 1123 1124 1111)
4(1123 1136 1137 1124)
4(1136 1149 1150 1137)
4(1149 1162 1163 1150)
4(1162 1175 1176 1163)
4(1175 1188 1189 1176)
4(1188 1201 1202 1189)
4(898 1059 1060 899)
4(1059 1072 1073 1060)
4(1072 1085 1086 1073)
4(1085 1098 1099 1086)
4(1098 1111 1112 1099)
4(1111 1124 1125 1112)
4(1124 1137 1138 1125)
4(1137 1150 1151 1138)
4(1150 1163 1164 1151)
4(1163 1176 1177 1164)
4(1176 1189 1190 1177)
4(1189 1202 1203 1190)
4(899 1060 1061 900)
4(1060 1073 1074 1061)
4(1073 1086 1087 1074)
4(1086 1099 1100 1087)
4(1099 1112 1113 1100)
4(1112 1125 1126 1113)
4(1125 1138 1139 1126)
4(1138 1151 1152 1139)
4(1151 1164 1165 1152)
4(1164 1177 1178 1165)
4(1177 1190 1191 1178)
4(1190 1203 1204 1191)
4(900 1061 1062 901)
4(1061 1074 1075 1062)
4(1074 1087 1088 1075)
4(1087 1100 1101 1088)
4(1100 1113 1114 1101)
4(1113 1126 1127 1114)
4(1126 1139 1140 1127)
4(1139 1152 1153 1140)
4(1152 1165 1166 1153)
4(1165 1178 1179 1166)
4(1178 1191 1192 1179)
4(1191 1204 1205 1192)
4(901 1362 1363 990)
4(1362 1375 1376 1363)
4(1375 1388 1389 1376)
4(1388 1401 1402 1389)
4(1401 1414 1415 1402)
4(1414 1427 1428 1415)
4(1427 1440 1441 1428)
4(1440 1453 1454 1441)
4(1453 1466 1467 1454)
4(1466 1479 1480 1467)
4(1479 1492 1493 1480)
4(1492 1505 1506 1493)
4(990 1363 1364 991)
4(1363 1376 1377 1364)
4(1376 1389 1390 1377)
4(1389 1402 1403 1390)
4(1402 1415 1416 1403)
4(1415 1428 1429 1416)
4(1428 1441 1442 1429)
4(1441 1454 1455 1442)
4(1454 1467 1468 1455)
4(1467 1480 1481 1468)
4(1480 1493 1494 1481)
4(1493 1506 1507 1494)
4(991 1364 1365 992)
4(1364 1377 1378 1365)
4(1377 1390 1391 1378)
4(1390 1403 1404 1391)
4(1403 1416 1417 1404)
4(1416 1429 1430 1417)
4(1429 1442 1443 1430)
4(1442 1455 1456 1443)
4(1455 1468 1469 1456)
4(1468 1481 1482 1469)
4(1481 1494 1495 1482)
4(1494 1507 1508 1495)
4(992 1365 1366 993)
4(1365 1378 1379 1366)
4(1378 1391 1392 1379)
4(1391 1404 1405 1392)
4(1404 1417 1418 1405)
4(1417 1430 1431 1418)
4(1430 1443 1444 1431)
4(1443 1456 1457 1444)
4(1456 1469 1470 1457)
4(1469 1482 1483 1470)
4(1482 1495 1496 1483)
4(1495 1508 1509 1496)
4(993 1366 1367 994)
4(1366 1379 1380 1367)
4(1379 1392 1393 1380)
4(1392 1405 1406 1393)
4(1405 1418 1419 1406)
4(1418 1431 1432 1419)
4(1431 1444 1445 1432)
4(1444 1457 1458 1445)
4(1457 1470 1471 1458)
4(1470 1483 1484 1471)
4(1483 1496 1497 1484)
4(1496 1509 1510 1497)
4(994 1367 1368 995)
4(1367 1380 1381 1368)
4(1380 1393 1394 1381)
4(1393 1406 1407 1394)
4(1406 1419 1420 1407)
4(1419 1432 1433 1420)
4(1432 1445 1446 1433)
4(1445 1458 1459 1446)
4(1458 1471 1472 1459)
4(1471 1484 1485 1472)
4(1484 1497 1498 1485)
4(1497 1510 1511 1498)
4(995 1368 1369 996)
4(1368 1381 1382 1369)
4(1381 1394 1395 1382)
4(1394 1407 1408 1395)
4(1407 1420 1421 1408)
4(1420 1433 1434 1421)
4(1433 1446 1447 1434)
4(1446 1459 1460 1447)
4(1459 1472 1473 1460)
4(1472 1485 1486 1473)
4(1485 1498 1499 1486)
4(1498 1511 1512 1499)
4(996 1369 1370 997)
4(1369 1382 1383 1370)
4(1382 1395 1396 1383)
4(1395 1408 1409 1396)
4(1408 1421 1422 1409)
4(1421 1434 1435 1422)
4(1434 1447 1448 1435)
4(1447 1460 1461 1448)
4(1460 1473 1474 1461)
4(1473 1486 1487 1474)
4(1486 1499 1500 1487)
4(1499 1512 1513 1500)
4(997 1370 1371 998)
4(1370 1383 1384 1371)
4(1383 1396 1397 1384)
4(1396 1409 1410 1397)
4(1409 1422 1423 1410)
4(1422 1435 1436 1423)
4(1435 1448 1449 1436)
4(1448 1461 1462 1449)
4(1461 1474 1475 1462)
4(1474 1487 1488 1475)
4(1487 1500 1501 1488)
4(1500 1513 1514 1501)
4(998 1371 1372 999)
4(1371 1384 1385 1372)
4(1384 1397 1398 1385)
4(1397 1410 1411 1398)
4(1410 1423 1424 1411)
4(1423 1436 1437 1424)
4(1436 1449 1450 1437)
4(1449 1462 1463 1450)
4(1462 1475 1476 1463)
4(1475 1488 1489 1476)
4(1488 1501 1502 1489)
4(1501 1514 1515 1502)
4(999 1372 1373 1000)
4(1372 1385 1386 1373)
4(1385 1398 1399 1386)
4(1398 1411 1412 1399)
4(1411 1424 1425 1412)
4(1424 1437 1438 1425)
4(1437 1450 1451 1438)
4(1450 1463 1464 1451)
4(1463 1476 1477 1464)
4(1476 1489 1490 1477)
4(1489 1502 1503 1490)
4(1502 1515 1516 1503)
4(1000 1373 1374 1001)
4(1373 1386 1387 1374)
4(1386 1399 1400 1387)
4(1399 1412 1413 1400)
4(1412 1425 1426 1413)
4(1425 1438 1439 1426)
4(1438 1451 1452 1439)
4(1451 1464 1465 1452)
4(1464 1477 1478 1465)
4(1477 1490 1491 1478)
4(1490 1503 1504 1491)
4(1503 1516 1517 1504)
4(493 765 813 649)
4(765 777 825 813)
4(777 789 837 825)
4(789 801 849 837)
4(801 965 1013 849)
4(965 977 1025 1013)
4(977 989 1037 1025)
4(989 1001 1049 1037)
4(1001 1374 1530 1049)
4(1374 1387 1543 1530)
4(1387 1400 1556 1543)
4(1400 1413 1569 1556)
4(1413 1426 1582 1569)
4(1426 1439 1595 1582)
4(1439 1452 1608 1595)
4(1452 1465 1621 1608)
4(1465 1478 1634 1621)
4(1478 1491 1647 1634)
4(1491 1504 1660 1647)
4(1504 1517 1673 1660)
4(156 325 702 650)
4(650 702 715 663)
4(663 715 728 676)
4(676 728 741 689)
4(689 741 902 850)
4(850 902 915 863)
4(863 915 928 876)
4(876 928 941 889)
4(889 941 1206 1050)
4(1050 1206 1219 1063)
4(1063 1219 1232 1076)
4(1076 1232 1245 1089)
4(1089 1245 1258 1102)
4(1102 1258 1271 1115)
4(1115 1271 1284 1128)
4(1128 1284 1297 1141)
4(1141 1297 1310 1154)
4(1154 1310 1323 1167)
4(1167 1323 1336 1180)
4(1180 1336 1349 1193)
)


// ************************************************************************* //
