/*--------------------------------*- C++ -*----------------------------------*\
  =========                 |
  \\      /  F ield         | OpenFOAM: The Open Source CFD Toolbox
   \\    /   O peration     | Website:  https://openfoam.org
    \\  /    A nd           | Version:  6
     \\/     M anipulation  |
\*---------------------------------------------------------------------------*/
FoamFile
{
    version     2.0;
    format      ascii;
    class       surfaceScalarField;
    location    "1000";
    object      phi;
}
// * * * * * * * * * * * * * * * * * * * * * * * * * * * * * * * * * * * * * //

dimensions      [0 3 -1 0 0 0 0];

internalField   nonuniform List<scalar> 
5952
(
-4.95732e-06
4.9686e-06
-7.32655e-06
1.87973e-06
-8.39384e-06
1.18805e-06
-9.76193e-06
9.25907e-07
-1.02914e-05
6.52325e-07
-1.11345e-05
3.83124e-07
-1.12529e-05
2.27551e-07
-1.18136e-05
1.09825e-07
-1.17644e-05
6.54487e-08
-1.21508e-05
2.13681e-08
-1.1935e-05
2.25637e-08
1.48121e-09
-1.21687e-05
-1.91553e-06
6.77616e-06
-1.89992e-06
1.7781e-06
-1.44156e-06
7.19292e-07
-1.00266e-06
4.39403e-07
-6.44765e-07
2.85566e-07
-4.62313e-07
1.55245e-07
-3.09686e-07
6.19988e-08
-2.49928e-07
7.32816e-10
-1.65851e-07
-2.45149e-08
-1.42964e-07
-3.11551e-08
-8.75562e-08
-1.84836e-08
-1.88277e-09
-9.35068e-08
4.3415e-07
6.23232e-06
1.00918e-06
1.15331e-06
1.48994e-06
2.30148e-07
1.88889e-06
2.6056e-08
2.2182e-06
-4.93419e-08
2.45596e-06
-9.58934e-08
2.63684e-06
-1.24531e-07
2.75825e-06
-1.3411e-07
2.85426e-06
-1.23035e-07
2.91281e-06
-9.65533e-08
2.95701e-06
-5.7806e-08
-1.32933e-08
2.96878e-06
1.25016e-06
4.82409e-06
2.03069e-06
3.2001e-07
2.52068e-06
-2.70582e-07
2.88971e-06
-3.55351e-07
3.20152e-06
-3.66216e-07
3.45165e-06
-3.56333e-07
3.65497e-06
-3.32565e-07
3.80587e-06
-2.94039e-07
3.92249e-06
-2.41611e-07
3.99913e-06
-1.77981e-07
4.05023e-06
-1.06534e-07
-3.05253e-08
4.06794e-06
1.63497e-06
2.90576e-06
2.5645e-06
-6.9005e-07
3.1207e-06
-8.48963e-07
3.52625e-06
-7.8136e-07
3.86605e-06
-7.14697e-07
4.14404e-06
-6.5022e-07
4.3741e-06
-5.68688e-07
4.54869e-06
-4.81243e-07
4.68365e-06
-3.79067e-07
4.7731e-06
-2.75743e-07
4.83152e-06
-1.63714e-07
-5.4824e-08
4.85137e-06
1.90946e-06
6.38487e-07
3.02629e-06
-1.91135e-06
3.6709e-06
-1.55927e-06
4.15213e-06
-1.28552e-06
4.52991e-06
-1.13074e-06
4.84997e-06
-9.83456e-07
5.09601e-06
-8.42331e-07
5.29475e-06
-6.86479e-07
5.43344e-06
-5.36927e-07
5.53618e-06
-3.79328e-07
5.59092e-06
-2.31138e-07
-7.72986e-08
5.61765e-06
2.11805e-06
-2.1935e-06
3.47649e-06
-3.459e-06
4.28445e-06
-2.42234e-06
4.83718e-06
-1.89975e-06
5.28054e-06
-1.602e-06
5.61819e-06
-1.3634e-06
5.89033e-06
-1.1302e-06
6.08495e-06
-9.10064e-07
6.23496e-06
-6.93151e-07
6.32731e-06
-4.91003e-07
6.38928e-06
-2.92502e-07
-1.04603e-07
6.40603e-06
2.24036e-06
-4.63825e-06
3.99058e-06
-5.29336e-06
4.9773e-06
-3.461e-06
5.63428e-06
-2.59374e-06
6.11664e-06
-2.11858e-06
6.47677e-06
-1.74866e-06
6.74293e-06
-1.41992e-06
6.93652e-06
-1.11912e-06
7.07207e-06
-8.43818e-07
7.16098e-06
-5.89819e-07
7.21202e-06
-3.52477e-07
-1.26069e-07
7.23029e-06
2.30117e-06
-7.2397e-06
4.58662e-06
-7.63651e-06
5.80647e-06
-4.70663e-06
6.5532e-06
-3.36374e-06
7.05833e-06
-2.64375e-06
7.40932e-06
-2.11825e-06
7.65548e-06
-1.68064e-06
7.82661e-06
-1.30298e-06
7.94244e-06
-9.70653e-07
8.01597e-06
-6.73637e-07
8.05672e-06
-4.01481e-07
-1.45861e-07
8.07078e-06
2.88519e-06
-9.97155e-06
5.51e-06
-1.0231e-05
6.85536e-06
-6.05003e-06
7.62768e-06
-4.13804e-06
8.10282e-06
-3.12574e-06
8.40842e-06
-2.43e-06
8.6091e-06
-1.88828e-06
8.7427e-06
-1.44273e-06
8.82884e-06
-1.06493e-06
8.88178e-06
-7.34004e-07
8.90885e-06
-4.37078e-07
-1.59824e-07
8.9185e-06
4.75958e-06
-1.4566e-05
7.04768e-06
-1.24457e-05
8.23889e-06
-7.21551e-06
8.88218e-06
-4.77115e-06
9.24168e-06
-3.48174e-06
9.45366e-06
-2.64175e-06
9.585e-06
-2.02077e-06
9.66771e-06
-1.52885e-06
9.71842e-06
-1.12042e-06
9.74606e-06
-7.68985e-07
9.75873e-06
-4.56584e-07
-1.67818e-07
9.76275e-06
9.26323e-06
-2.3728e-05
9.75299e-06
-1.28495e-05
1.00846e-05
-7.50303e-06
1.03108e-05
-4.97478e-06
1.04408e-05
-3.59834e-06
1.05156e-05
-2.709e-06
1.05605e-05
-2.06175e-06
1.05867e-05
-1.55428e-06
1.05989e-05
-1.1355e-06
1.06006e-05
-7.76979e-07
1.05979e-05
-4.59861e-07
1.0596e-05
-1.69968e-07
-1.18683e-05
9.68888e-09
-1.19582e-05
-8.85382e-09
-1.15508e-05
-8.56616e-09
-1.15258e-05
-4.2014e-08
-1.10541e-05
-7.19968e-08
-1.08751e-05
-1.59923e-07
-1.02676e-05
-2.95673e-07
-9.58806e-06
-5.46527e-07
-8.52686e-06
-8.40092e-07
-7.19977e-06
-1.13412e-06
-5.04244e-06
-1.86119e-06
-4.95909e-06
-7.28598e-08
2.15867e-08
-1.08452e-07
3.95565e-08
-1.193e-07
5.4851e-08
-1.88163e-07
5.39055e-08
-2.44563e-07
3.75089e-08
-3.65338e-07
-1.05839e-08
-5.22342e-07
-9.37248e-08
-8.14063e-07
-2.15446e-07
-1.25896e-06
-3.52214e-07
-1.70338e-06
-6.31505e-07
-1.73474e-06
-1.68848e-06
-6.65649e-06
2.96819e-06
3.46195e-08
2.93782e-06
7.99592e-08
2.89279e-06
1.19893e-07
2.81306e-06
1.49273e-07
2.70777e-06
1.641e-07
2.55522e-06
1.59564e-07
2.34555e-06
1.32494e-07
2.05706e-06
9.12098e-08
1.68582e-06
3.5242e-08
1.24118e-06
-1.55203e-07
6.71874e-07
-1.06695e-06
-5.98615e-06
4.06305e-06
4.66391e-08
4.02617e-06
1.22325e-07
3.96614e-06
1.93856e-07
3.86745e-06
2.57385e-07
3.7361e-06
3.11272e-07
3.55457e-06
3.50473e-07
3.32533e-06
3.74427e-07
3.04046e-06
3.84565e-07
2.70361e-06
3.83607e-07
2.24743e-06
3.04172e-07
1.4419e-06
-2.65129e-07
-4.44735e-06
4.84422e-06
5.88338e-08
4.80104e-06
1.66996e-07
4.72836e-06
2.76704e-07
4.6144e-06
3.79453e-07
4.45936e-06
4.79672e-07
4.25222e-06
5.6886e-07
3.99015e-06
6.48575e-07
3.66974e-06
7.11788e-07
3.28823e-06
7.75701e-07
2.75923e-06
8.49954e-07
1.87565e-06
7.81448e-07
-2.46927e-06
5.60278e-06
6.80584e-08
5.56123e-06
2.19892e-07
5.47791e-06
3.65959e-07
5.35886e-06
5.19411e-07
5.18605e-06
6.67978e-07
4.9614e-06
8.22826e-07
4.66136e-06
9.64802e-07
4.29726e-06
1.1098e-06
3.85239e-06
1.26893e-06
3.25726e-06
1.53411e-06
2.16671e-06
1.98084e-06
7.04496e-10
6.39884e-06
8.48136e-08
6.34993e-06
2.70744e-07
6.27466e-06
4.65772e-07
6.14838e-06
6.63399e-07
5.98071e-06
8.77483e-07
5.73634e-06
1.09492e-06
5.42496e-06
1.33095e-06
5.01839e-06
1.56884e-06
4.49195e-06
1.83404e-06
3.75161e-06
2.33107e-06
2.55706e-06
3.48475e-06
2.59075e-06
7.21937e-06
9.58691e-08
7.1797e-06
3.20639e-07
7.10684e-06
5.53529e-07
6.99703e-06
8.03357e-07
6.83161e-06
1.07173e-06
6.60361e-06
1.36967e-06
6.28112e-06
1.69103e-06
5.8364e-06
2.04578e-06
5.24774e-06
2.48731e-06
4.37437e-06
3.26338e-06
2.7236e-06
5.13277e-06
5.53176e-06
8.06232e-06
1.04506e-07
8.03026e-06
3.58463e-07
7.9731e-06
6.26526e-07
7.88047e-06
9.17295e-07
7.7421e-06
1.24057e-06
7.53447e-06
1.60644e-06
7.23261e-06
2.02695e-06
6.8004e-06
2.51966e-06
6.14901e-06
3.13064e-06
5.14611e-06
4.2835e-06
3.29129e-06
7.14574e-06
8.68107e-06
8.91285e-06
1.09634e-07
8.89254e-06
3.84934e-07
8.85434e-06
6.78451e-07
8.78893e-06
1.00061e-06
8.68631e-06
1.36657e-06
8.52408e-06
1.78997e-06
8.27529e-06
2.29613e-06
7.87909e-06
2.92002e-06
7.27204e-06
3.77573e-06
6.25047e-06
5.29914e-06
4.1364e-06
9.14253e-06
1.28652e-05
9.76131e-06
1.11617e-07
9.75433e-06
3.98746e-07
9.73734e-06
7.07068e-07
9.70482e-06
1.04912e-06
9.64587e-06
1.44059e-06
9.54676e-06
1.90165e-06
9.38349e-06
2.4701e-06
9.11136e-06
3.20497e-06
8.61854e-06
4.23928e-06
7.76734e-06
6.14531e-06
6.09521e-06
1.08187e-05
1.87507e-05
1.05995e-05
1.09345e-07
1.06062e-05
3.98871e-07
1.06114e-05
7.11875e-07
1.06119e-05
1.06139e-06
1.06005e-05
1.46e-06
1.05757e-05
1.93327e-06
1.05268e-05
2.51695e-06
1.04344e-05
3.28723e-06
1.02684e-05
4.41765e-06
9.96484e-06
6.40051e-06
9.34613e-06
1.1313e-05
2.81296e-05
-9.34636e-06
6.87485e-07
-1.10286e-05
9.32147e-07
-1.15141e-05
8.53905e-07
-1.26696e-05
7.13382e-07
-1.28003e-05
4.86392e-07
-1.33738e-05
2.29206e-07
-1.31243e-05
8.59569e-08
-1.33812e-05
-2.4116e-08
-1.30029e-05
-5.70276e-08
-1.31366e-05
-9.46496e-08
-1.27322e-05
-8.92299e-08
-1.05991e-07
-1.28077e-05
-2.34241e-06
2.86774e-06
-2.39397e-06
8.67718e-07
-1.89526e-06
3.69593e-07
-1.43307e-06
2.20264e-07
-1.02641e-06
1.03553e-07
-8.02255e-07
-1.25067e-08
-5.95319e-07
-9.52415e-08
-4.84254e-07
-1.47336e-07
-3.50026e-07
-1.64613e-07
-2.87244e-07
-1.64697e-07
-2.01096e-07
-1.46934e-07
-1.25949e-07
-1.83034e-07
2.90567e-07
2.56094e-06
8.18307e-07
3.11067e-07
1.29824e-06
-9.71936e-08
1.70446e-06
-1.86038e-07
2.054e-06
-2.31516e-07
2.31179e-06
-2.66876e-07
2.51777e-06
-2.87491e-07
2.66241e-06
-2.88831e-07
2.78046e-06
-2.70557e-07
2.85587e-06
-2.37383e-07
2.91369e-06
-1.9332e-07
-1.43968e-07
2.93514e-06
1.11479e-06
1.37851e-06
1.86226e-06
-4.53019e-07
2.35485e-06
-5.75414e-07
2.73554e-06
-5.62519e-07
3.06912e-06
-5.41333e-07
3.33893e-06
-5.27994e-07
3.56572e-06
-4.92148e-07
3.73524e-06
-4.51255e-07
3.8701e-06
-3.8815e-07
3.9591e-06
-3.22457e-07
4.02142e-06
-2.42164e-07
-1.65496e-07
4.04496e-06
1.50132e-06
-2.09947e-07
2.41034e-06
-1.39126e-06
2.95277e-06
-1.14769e-06
3.38951e-06
-9.72677e-07
3.73368e-06
-8.97946e-07
4.05048e-06
-8.07342e-07
4.28922e-06
-7.32042e-07
4.49556e-06
-6.25684e-07
4.6348e-06
-5.29286e-07
4.7473e-06
-4.10078e-07
4.80389e-06
-3.04239e-07
-1.80493e-07
4.8403e-06
1.77189e-06
-2.47065e-06
2.85093e-06
-2.61524e-06
3.53181e-06
-1.84491e-06
3.99963e-06
-1.49603e-06
4.42797e-06
-1.29592e-06
4.74611e-06
-1.15234e-06
5.03653e-06
-9.88223e-07
5.23293e-06
-8.38742e-07
5.40612e-06
-6.71407e-07
5.50131e-06
-5.21031e-07
5.58362e-06
-3.56726e-07
-2.09815e-07
5.59707e-06
2.00368e-06
-4.57295e-06
3.33806e-06
-4.0342e-06
4.14048e-06
-2.6859e-06
4.71903e-06
-2.09515e-06
5.1701e-06
-1.7801e-06
5.54076e-06
-1.5223e-06
5.82265e-06
-1.28455e-06
6.04409e-06
-1.052e-06
6.19878e-06
-8.33569e-07
6.31167e-06
-6.21813e-07
6.37365e-06
-4.21979e-07
-2.2423e-07
6.4047e-06
2.06936e-06
-6.90774e-06
3.84942e-06
-5.82695e-06
4.83918e-06
-3.73101e-06
5.52006e-06
-2.79209e-06
6.02343e-06
-2.29427e-06
6.40385e-06
-1.91132e-06
6.68801e-06
-1.57176e-06
6.89741e-06
-1.26251e-06
7.04571e-06
-9.80133e-07
7.14676e-06
-7.19312e-07
7.20635e-06
-4.7522e-07
-2.41175e-07
7.23121e-06
2.15604e-06
-8.82926e-06
4.43136e-06
-8.11057e-06
5.68338e-06
-4.95095e-06
6.44905e-06
-3.56139e-06
6.97503e-06
-2.82174e-06
7.34599e-06
-2.28179e-06
7.60861e-06
-1.83295e-06
7.79415e-06
-1.44517e-06
7.92249e-06
-1.10485e-06
8.00797e-06
-7.99115e-07
8.05807e-06
-5.18955e-07
-2.53392e-07
8.07922e-06
2.63757e-06
-1.1332e-05
5.35403e-06
-1.07383e-05
6.7304e-06
-6.32854e-06
7.53245e-06
-4.34084e-06
8.03089e-06
-3.30611e-06
8.35426e-06
-2.59614e-06
8.57084e-06
-2.04116e-06
8.71702e-06
-1.58524e-06
8.81634e-06
-1.19693e-06
8.88044e-06
-8.56973e-07
8.91852e-06
-5.49098e-07
-2.60806e-07
8.93478e-06
4.55691e-06
-1.5585e-05
6.88131e-06
-1.298e-05
8.12625e-06
-7.50175e-06
8.79798e-06
-4.98529e-06
9.18051e-06
-3.66811e-06
9.40991e-06
-2.80994e-06
9.55486e-06
-2.17431e-06
9.64985e-06
-1.67055e-06
9.71258e-06
-1.25113e-06
9.75274e-06
-8.88919e-07
9.77639e-06
-5.64167e-07
-2.62524e-07
9.78764e-06
9.13429e-06
-2.46299e-05
9.63298e-06
-1.33746e-05
9.98554e-06
-7.81987e-06
1.02412e-05
-5.19942e-06
1.03917e-05
-3.78923e-06
1.04819e-05
-2.87872e-06
1.05386e-05
-2.21582e-06
1.05761e-05
-1.69561e-06
1.06001e-05
-1.26563e-06
1.06152e-05
-8.94904e-07
1.06236e-05
-5.64656e-07
1.06297e-05
-2.58966e-07
-1.24023e-05
-9.43754e-08
-1.24404e-05
-1.10017e-07
-1.20356e-05
-1.06684e-07
-1.20567e-05
-1.37429e-07
-1.16394e-05
-1.64432e-07
-1.15493e-05
-2.51464e-07
-1.10049e-05
-3.86578e-07
-1.0398e-05
-6.44948e-07
-9.32225e-06
-9.59688e-07
-7.91263e-06
-1.30269e-06
-5.62221e-06
-2.12627e-06
-5.57374e-06
-1.47303e-07
-9.91018e-08
-1.77105e-07
-7.80865e-08
-1.91732e-07
-6.06254e-08
-2.71688e-07
-5.81923e-08
-3.42897e-07
-7.17557e-08
-4.84184e-07
-1.16321e-07
-6.6386e-07
-1.97585e-07
-9.881e-07
-3.17804e-07
-1.47026e-06
-4.59904e-07
-1.96456e-06
-7.77644e-07
-2.03075e-06
-1.97523e-06
-7.58241e-06
2.94085e-06
-9.2693e-08
2.91158e-06
-4.4217e-08
2.86583e-06
-1.22898e-09
2.77915e-06
3.09208e-08
2.66693e-06
5.00691e-08
2.50075e-06
4.90729e-08
2.27796e-06
2.69726e-08
1.96892e-06
-8.81173e-09
1.57807e-06
-6.2914e-08
1.11177e-06
-2.85727e-07
5.29866e-07
-1.35978e-06
-7.03399e-06
4.04515e-06
-8.08977e-08
4.00921e-06
-5.30714e-09
3.94775e-06
7.2465e-08
3.8454e-06
1.36769e-07
3.70633e-06
1.97815e-07
3.51576e-06
2.38598e-07
3.27618e-06
2.74155e-07
2.97894e-06
2.85822e-07
2.63921e-06
2.94895e-07
2.17926e-06
1.82575e-07
1.39864e-06
-5.4776e-07
-5.46256e-06
4.82617e-06
-7.34717e-08
4.7941e-06
4.87901e-08
4.71124e-06
1.51975e-07
4.60388e-06
2.69409e-07
4.4322e-06
3.63127e-07
4.23238e-06
4.72233e-07
3.94379e-06
5.42734e-07
3.63378e-06
6.30349e-07
3.24161e-06
6.88367e-07
2.72142e-06
7.35125e-07
1.9079e-06
5.4506e-07
-3.39088e-06
5.60418e-06
-4.8359e-08
5.54513e-06
9.6758e-08
5.48119e-06
2.59309e-07
5.33928e-06
4.05685e-07
5.1865e-06
5.73602e-07
4.92885e-06
7.18299e-07
4.64881e-06
8.85211e-07
4.25847e-06
1.01997e-06
3.81844e-06
1.18791e-06
3.25976e-06
1.45261e-06
2.19099e-06
1.76011e-06
-6.21181e-07
6.39218e-06
-3.279e-08
6.35349e-06
1.63712e-07
6.26949e-06
3.60379e-07
6.15188e-06
5.70249e-07
5.96925e-06
7.8378e-07
5.73374e-06
1.01585e-06
5.40043e-06
1.2469e-06
4.99389e-06
1.50041e-06
4.48727e-06
1.78128e-06
3.71906e-06
2.23604e-06
2.72176e-06
3.39738e-06
2.18501e-06
7.22373e-06
-1.11693e-08
7.18519e-06
2.21072e-07
7.11433e-06
4.63648e-07
7.00004e-06
7.19371e-07
6.83533e-06
9.97834e-07
6.59588e-06
1.29796e-06
6.27292e-06
1.63107e-06
5.83079e-06
1.99187e-06
5.21932e-06
2.4258e-06
4.42606e-06
3.24145e-06
2.76608e-06
5.00563e-06
5.34018e-06
8.07376e-06
6.31566e-09
8.04477e-06
2.70959e-07
7.9859e-06
5.48534e-07
7.89262e-06
8.48449e-07
7.74768e-06
1.17927e-06
7.53748e-06
1.55162e-06
7.22994e-06
1.97791e-06
6.78983e-06
2.47611e-06
6.16546e-06
3.10655e-06
5.11849e-06
4.20241e-06
3.37849e-06
7.10032e-06
8.49592e-06
8.93324e-06
2.06822e-08
8.91484e-06
3.08134e-07
8.87461e-06
6.1187e-07
8.80724e-06
9.44799e-07
8.69713e-06
1.31681e-06
8.53167e-06
1.7488e-06
8.27704e-06
2.26024e-06
7.88587e-06
2.89042e-06
7.25232e-06
3.73119e-06
6.27436e-06
5.28124e-06
4.09215e-06
9.0073e-06
1.26054e-05
9.79038e-06
3.11076e-08
9.78384e-06
3.31518e-07
9.76529e-06
6.51373e-07
9.72729e-06
1.00328e-06
9.66285e-06
1.40193e-06
9.5581e-06
1.87056e-06
9.38973e-06
2.44254e-06
9.10828e-06
3.18282e-06
8.62256e-06
4.22519e-06
7.70983e-06
6.06994e-06
6.03785e-06
1.07127e-05
1.84216e-05
1.06368e-05
3.62941e-08
1.06428e-05
3.39934e-07
1.06454e-05
6.65782e-07
1.06388e-05
1.02354e-06
1.06223e-05
1.43096e-06
1.05891e-05
1.9089e-06
1.05362e-05
2.50053e-06
1.04371e-05
3.27326e-06
1.02378e-05
4.39278e-06
9.91092e-06
6.3888e-06
9.21312e-06
1.12083e-05
2.75632e-05
-4.98127e-06
4.99757e-06
-7.35398e-06
1.89228e-06
-8.42963e-06
1.19619e-06
-9.79653e-06
9.32184e-07
-1.03317e-05
6.57134e-07
-1.11714e-05
3.87086e-07
-1.12939e-05
2.3058e-07
-1.18503e-05
1.12528e-07
-1.18045e-05
6.74355e-08
-1.21866e-05
2.30001e-08
-1.19751e-05
2.35516e-08
2.66359e-09
-1.22056e-05
-1.92747e-06
6.82127e-06
-1.9115e-06
1.79231e-06
-1.4521e-06
7.26912e-07
-1.01148e-06
4.44884e-07
-6.53011e-07
2.90125e-07
-4.69571e-07
1.59024e-07
-3.16696e-07
6.50926e-08
-2.56112e-07
3.41354e-09
-1.72085e-07
-2.22871e-08
-1.48925e-07
-2.92881e-08
-9.41909e-08
-1.69648e-08
-6.00507e-10
-9.99919e-08
4.26008e-07
6.28916e-06
1.00161e-06
1.16809e-06
1.483e-06
2.37448e-07
1.88291e-06
3.09278e-08
2.21297e-06
-4.53308e-08
2.45136e-06
-9.24479e-08
2.63256e-06
-1.21583e-07
2.75436e-06
-1.31547e-07
2.85047e-06
-1.20801e-07
2.90905e-06
-9.45742e-08
2.95305e-06
-5.61104e-08
-1.19442e-08
2.96476e-06
1.24356e-06
4.89058e-06
2.02413e-06
3.35765e-07
2.51442e-06
-2.63293e-07
2.88423e-06
-3.50912e-07
3.19655e-06
-3.62494e-07
3.44714e-06
-3.53047e-07
3.65075e-06
-3.29696e-07
3.80198e-06
-2.91569e-07
3.91881e-06
-2.39434e-07
3.99565e-06
-1.76056e-07
4.04678e-06
-1.04838e-07
-2.91244e-08
4.06447e-06
1.62685e-06
2.98413e-06
2.55694e-06
-6.74094e-07
3.11404e-06
-8.42153e-07
3.52029e-06
-7.77299e-07
3.86052e-06
-7.11112e-07
4.13897e-06
-6.47027e-07
4.36937e-06
-5.65988e-07
4.54439e-06
-4.78861e-07
4.67956e-06
-3.7707e-07
4.76933e-06
-2.7384e-07
4.82777e-06
-1.62095e-07
-5.32414e-08
4.84767e-06
1.89834e-06
7.31797e-07
3.01678e-06
-1.89606e-06
3.66302e-06
-1.55417e-06
4.14506e-06
-1.28207e-06
4.52336e-06
-1.12752e-06
4.84387e-06
-9.80765e-07
5.09054e-06
-8.4003e-07
5.28963e-06
-6.84738e-07
5.42895e-06
-5.35269e-07
5.53183e-06
-3.77928e-07
5.58699e-06
-2.29593e-07
-7.59317e-08
5.61353e-06
2.10391e-06
-2.08408e-06
3.46406e-06
-3.44543e-06
4.27452e-06
-2.41995e-06
4.82841e-06
-1.89754e-06
5.27262e-06
-1.59995e-06
5.61136e-06
-1.36181e-06
5.88412e-06
-1.12908e-06
6.07961e-06
-9.09167e-07
6.23005e-06
-6.92511e-07
6.32315e-06
-4.90188e-07
6.38526e-06
-2.91561e-07
-1.03298e-07
6.40226e-06
2.22395e-06
-4.50511e-06
3.97485e-06
-5.27964e-06
4.96509e-06
-3.46197e-06
5.62397e-06
-2.59346e-06
6.10798e-06
-2.11817e-06
6.46944e-06
-1.74863e-06
6.73665e-06
-1.41995e-06
6.93101e-06
-1.11926e-06
7.06729e-06
-8.43977e-07
7.15685e-06
-5.89689e-07
7.20828e-06
-3.5187e-07
-1.24878e-07
7.22663e-06
2.28854e-06
-7.08837e-06
4.5701e-06
-7.61719e-06
5.79278e-06
-4.70983e-06
6.54173e-06
-3.3652e-06
7.04914e-06
-2.64535e-06
7.40184e-06
-2.11974e-06
7.64923e-06
-1.68182e-06
7.8213e-06
-1.30398e-06
7.938e-06
-9.71501e-07
8.01231e-06
-6.74042e-07
8.05359e-06
-4.01145e-07
-1.44623e-07
8.06775e-06
2.8801e-06
-9.80575e-06
5.49555e-06
-1.01995e-05
6.84263e-06
-6.05356e-06
7.61713e-06
-4.14073e-06
8.09434e-06
-3.12871e-06
8.40149e-06
-2.43248e-06
8.60343e-06
-1.89034e-06
8.73809e-06
-1.44444e-06
8.82511e-06
-1.06622e-06
8.87878e-06
-7.34697e-07
8.90643e-06
-4.3683e-07
-1.58488e-07
8.91621e-06
4.75601e-06
-1.43855e-05
7.03916e-06
-1.24052e-05
8.2293e-06
-7.21587e-06
8.87355e-06
-4.77345e-06
9.23433e-06
-3.48492e-06
9.44758e-06
-2.64468e-06
9.58009e-06
-2.02335e-06
9.66384e-06
-1.53098e-06
9.71542e-06
-1.12198e-06
9.74381e-06
-7.69757e-07
9.75699e-06
-4.56307e-07
-1.66353e-07
9.76111e-06
9.23095e-06
-2.35148e-05
9.73915e-06
-1.28243e-05
1.00741e-05
-7.50451e-06
1.03024e-05
-4.97759e-06
1.0434e-05
-3.60172e-06
1.05101e-05
-2.71221e-06
1.05562e-05
-2.06462e-06
1.05834e-05
-1.55668e-06
1.05966e-05
-1.13728e-06
1.05992e-05
-7.77866e-07
1.05971e-05
-4.5955e-07
1.05952e-05
-1.68202e-07
-1.19108e-05
1.04313e-08
-1.19984e-05
-8.29106e-09
-1.1598e-05
-8.47347e-09
-1.1572e-05
-4.18807e-08
-1.11075e-05
-7.27395e-08
-1.09274e-05
-1.61451e-07
-1.03245e-05
-2.98545e-07
-9.6438e-06
-5.5082e-07
-8.58231e-06
-8.47036e-07
-7.25105e-06
-1.14555e-06
-5.08636e-06
-1.88086e-06
-5.00717e-06
-7.9995e-08
2.25246e-08
-1.15768e-07
4.01833e-08
-1.27587e-07
5.50923e-08
-1.96622e-07
5.37621e-08
-2.54054e-07
3.67045e-08
-3.75421e-07
-1.2258e-08
-5.3366e-07
-9.64929e-08
-8.26595e-07
-2.1942e-07
-1.27418e-06
-3.57953e-07
-1.72328e-06
-6.40918e-07
-1.7596e-06
-1.71054e-06
-6.73387e-06
2.96392e-06
3.56323e-08
2.9333e-06
8.06768e-08
2.88783e-06
1.2019e-07
2.80785e-06
1.49028e-07
2.70204e-06
1.63229e-07
2.5489e-06
1.57966e-07
2.33834e-06
1.29963e-07
2.0488e-06
8.7562e-08
1.67592e-06
3.01425e-08
1.22814e-06
-1.63628e-07
6.53285e-07
-1.09107e-06
-6.08815e-06
4.05932e-06
4.78162e-08
4.02212e-06
1.23239e-07
3.96151e-06
1.94449e-07
3.8621e-06
2.575e-07
3.72977e-06
3.10844e-07
3.54721e-06
3.49255e-07
3.31692e-06
3.72158e-07
3.03111e-06
3.80916e-07
2.6933e-06
3.78238e-07
2.23555e-06
2.94651e-07
1.42624e-06
-2.9454e-07
-4.5702e-06
4.84016e-06
6.0193e-08
4.79659e-06
1.68372e-07
4.72303e-06
2.77743e-07
4.60814e-06
3.80243e-07
4.4517e-06
4.79788e-07
4.24321e-06
5.68257e-07
3.97963e-06
6.46505e-07
3.65814e-06
7.08024e-07
3.27568e-06
7.69508e-07
2.74503e-06
8.38942e-07
1.85846e-06
7.4884e-07
-2.61685e-06
5.59865e-06
6.96835e-08
5.55629e-06
2.21455e-07
5.47219e-06
3.67687e-07
5.35149e-06
5.20671e-07
5.1772e-06
6.68914e-07
4.95032e-06
8.2254e-07
4.64868e-06
9.63146e-07
4.28277e-06
1.10559e-06
3.83711e-06
1.26201e-06
3.24217e-06
1.52077e-06
2.14872e-06
1.9421e-06
-1.70771e-07
6.39456e-06
8.63455e-08
6.34515e-06
2.7269e-07
6.26839e-06
4.67739e-07
6.14058e-06
6.65373e-07
5.97038e-06
8.78787e-07
5.72369e-06
1.0954e-06
5.40927e-06
1.32959e-06
5.00041e-06
1.56523e-06
4.47191e-06
1.82663e-06
3.73039e-06
2.31549e-06
2.53303e-06
3.44279e-06
2.38182e-06
7.21539e-06
9.75612e-08
7.17489e-06
3.2278e-07
7.10062e-06
5.55985e-07
6.98862e-06
8.05779e-07
6.82052e-06
1.07379e-06
6.58917e-06
1.37074e-06
6.26322e-06
1.69052e-06
5.81483e-06
2.04272e-06
5.22353e-06
2.48009e-06
4.35032e-06
3.24458e-06
2.69796e-06
5.07931e-06
5.28289e-06
8.05886e-06
1.06471e-07
8.02578e-06
3.61001e-07
7.96689e-06
6.29464e-07
7.87182e-06
9.20308e-07
7.73026e-06
1.24332e-06
7.51872e-06
1.60839e-06
7.21243e-06
2.02757e-06
6.77569e-06
2.51783e-06
6.12056e-06
3.12353e-06
5.11806e-06
4.25846e-06
3.26687e-06
7.07635e-06
8.39028e-06
8.91006e-06
1.11981e-07
8.88849e-06
3.88063e-07
8.84822e-06
6.82053e-07
8.78012e-06
1.00438e-06
8.6739e-06
1.37016e-06
8.50736e-06
1.79313e-06
8.2534e-06
2.29814e-06
7.85181e-06
2.91957e-06
7.23984e-06
3.76906e-06
6.21717e-06
5.27001e-06
4.10283e-06
9.05824e-06
1.25165e-05
9.75914e-06
1.14237e-07
9.75082e-06
4.02353e-07
9.73165e-06
7.11272e-07
9.69611e-06
1.05371e-06
9.63327e-06
1.44521e-06
9.5294e-06
1.90621e-06
9.36007e-06
2.47397e-06
9.0806e-06
3.20748e-06
8.57887e-06
4.2368e-06
7.71464e-06
6.12088e-06
6.02798e-06
1.07305e-05
1.8308e-05
1.0598e-05
1.12435e-07
1.06032e-05
4.03055e-07
1.06061e-05
7.16831e-07
1.06035e-05
1.06683e-06
1.05882e-05
1.46592e-06
1.05581e-05
1.93957e-06
1.05025e-05
2.52385e-06
1.04007e-05
3.2945e-06
1.02203e-05
4.42345e-06
9.89166e-06
6.39582e-06
9.22155e-06
1.12561e-05
2.75491e-05
-4.9208e-06
4.89359e-06
-7.19598e-06
1.84349e-06
-8.26231e-06
1.16032e-06
-9.53349e-06
9.06014e-07
-1.00394e-05
6.33716e-07
-1.0745e-05
3.6929e-07
-1.0795e-05
2.10415e-07
-1.11889e-05
9.48448e-08
-1.10475e-05
4.88957e-08
-1.13101e-05
4.92086e-09
-1.10947e-05
4.18361e-10
-2.11972e-08
-1.12888e-05
-1.88361e-06
6.68436e-06
-1.85444e-06
1.73888e-06
-1.39893e-06
6.94292e-07
-9.49844e-07
4.19143e-07
-5.8537e-07
2.65428e-07
-3.84402e-07
1.35747e-07
-2.14762e-07
4.17482e-08
-1.27922e-07
-1.93761e-08
-2.60018e-08
-4.65959e-08
1.33573e-08
-5.527e-08
7.23222e-08
-4.63571e-08
-3.28459e-08
7.0308e-08
4.45773e-07
6.21653e-06
1.02925e-06
1.12827e-06
1.51168e-06
2.11816e-07
1.91376e-06
7.78847e-09
2.24934e-06
-6.92335e-08
2.49477e-06
-1.17879e-07
2.68571e-06
-1.48149e-07
2.81763e-06
-1.58978e-07
2.92239e-06
-1.49695e-07
2.98634e-06
-1.25549e-07
3.03299e-06
-8.98351e-08
-4.86362e-08
3.04484e-06
1.24346e-06
4.84502e-06
2.03676e-06
3.02478e-07
2.52918e-06
-2.83612e-07
2.90426e-06
-3.72276e-07
3.22404e-06
-3.80588e-07
3.48288e-06
-3.78179e-07
3.69604e-06
-3.53077e-07
3.85543e-06
-3.20468e-07
3.97896e-06
-2.67246e-07
4.05949e-06
-2.09476e-07
4.1126e-06
-1.38176e-07
-6.87057e-08
4.12925e-06
1.63245e-06
3.04323e-06
2.57036e-06
-6.92997e-07
3.11637e-06
-8.69857e-07
3.54131e-06
-7.88273e-07
3.87519e-06
-7.36234e-07
4.1769e-06
-6.59456e-07
4.40558e-06
-5.92086e-07
4.59927e-06
-4.96663e-07
4.73055e-06
-4.07769e-07
4.83307e-06
-2.98296e-07
4.88351e-06
-1.99333e-07
-8.42083e-08
4.91194e-06
1.89164e-06
5.45678e-07
3.00673e-06
-1.97662e-06
3.68248e-06
-1.58794e-06
4.14391e-06
-1.31405e-06
4.55504e-06
-1.13804e-06
4.86314e-06
-1.00434e-06
5.13877e-06
-8.51634e-07
5.32712e-06
-7.10308e-07
5.48918e-06
-5.5304e-07
5.57844e-06
-4.10034e-07
5.65217e-06
-2.54462e-07
-1.14097e-07
5.66118e-06
2.12242e-06
-1.81717e-06
3.48222e-06
-3.47081e-06
4.28599e-06
-2.44854e-06
4.85065e-06
-1.92211e-06
5.28827e-06
-1.62565e-06
5.64507e-06
-1.37901e-06
5.91577e-06
-1.15078e-06
6.12666e-06
-9.27821e-07
6.27329e-06
-7.18213e-07
6.37865e-06
-5.14997e-07
6.43481e-06
-3.22854e-07
-1.32622e-07
6.46017e-06
2.18122e-06
-4.47095e-06
3.99167e-06
-5.34352e-06
4.9762e-06
-3.52071e-06
5.64292e-06
-2.62746e-06
6.13168e-06
-2.14475e-06
6.49844e-06
-1.77219e-06
6.77138e-06
-1.44216e-06
6.97099e-06
-1.14219e-06
7.11152e-06
-8.68676e-07
7.20586e-06
-6.16284e-07
7.25997e-06
-3.79957e-07
-1.53205e-07
7.27987e-06
2.31697e-06
-6.71977e-06
4.5788e-06
-7.66861e-06
5.8172e-06
-4.75024e-06
6.56445e-06
-3.40253e-06
7.07441e-06
-2.67671e-06
7.4315e-06
-2.14718e-06
7.68301e-06
-1.70788e-06
7.85943e-06
-1.32953e-06
7.98055e-06
-9.97764e-07
8.05992e-06
-7.00339e-07
8.10502e-06
-4.27578e-07
-1.6923e-07
8.12144e-06
2.90329e-06
-9.64104e-06
5.52849e-06
-1.02463e-05
6.86223e-06
-6.1188e-06
7.64158e-06
-4.17993e-06
8.12173e-06
-3.16269e-06
8.43163e-06
-2.46436e-06
8.63715e-06
-1.92006e-06
8.77499e-06
-1.47349e-06
8.86727e-06
-1.09385e-06
8.92583e-06
-7.61661e-07
8.95888e-06
-4.60988e-07
-1.79716e-07
8.9706e-06
4.80885e-06
-1.42218e-05
7.06224e-06
-1.24607e-05
8.25753e-06
-7.25859e-06
8.8991e-06
-4.8158e-06
9.26224e-06
-3.5239e-06
9.47858e-06
-2.68112e-06
9.61369e-06
-2.05788e-06
9.70111e-06
-1.56363e-06
9.75754e-06
-1.15286e-06
9.7925e-06
-7.97853e-07
9.81131e-06
-4.7991e-07
-1.85241e-07
9.81789e-06
9.27122e-06
-2.34446e-05
9.78276e-06
-1.28891e-05
1.0099e-05
-7.56699e-06
1.03293e-05
-5.02201e-06
1.0463e-05
-3.64307e-06
1.05416e-05
-2.75242e-06
1.05904e-05
-2.10314e-06
1.06212e-05
-1.59308e-06
1.06399e-05
-1.17117e-06
1.065e-05
-8.07354e-07
1.06537e-05
-4.83271e-07
1.06551e-05
-1.84079e-07
-1.10372e-05
-1.7547e-08
-1.11817e-05
-3.82789e-08
-1.0902e-05
-4.17033e-08
-1.10181e-05
-7.70588e-08
-1.07035e-05
-1.09261e-07
-1.06983e-05
-1.9949e-07
-1.02412e-05
-3.3635e-07
-9.7149e-06
-5.91556e-07
-8.73e-06
-8.95105e-07
-7.43467e-06
-1.21441e-06
-5.31532e-06
-1.99666e-06
-5.27944e-06
8.40475e-08
-1.34844e-08
3.67671e-08
9.52246e-10
3.73847e-09
1.20264e-08
-9.16293e-08
8.77708e-09
-1.78083e-07
-1.02024e-08
-3.31868e-07
-5.94166e-08
-5.21558e-07
-1.44498e-07
-8.48645e-07
-2.67316e-07
-1.323e-06
-4.08742e-07
-1.80472e-06
-7.10033e-07
-1.892e-06
-1.84611e-06
-7.15851e-06
3.04168e-06
-4.6963e-09
3.00457e-06
3.67016e-08
2.95164e-06
7.34201e-08
2.85849e-06
9.94526e-08
2.74054e-06
1.13117e-07
2.56973e-06
1.06536e-07
2.34442e-06
7.91865e-08
2.03641e-06
3.75278e-08
1.6512e-06
-2.01838e-08
1.19131e-06
-2.29993e-07
5.98608e-07
-1.23452e-06
-6.55011e-06
4.12196e-06
7.96983e-09
4.08031e-06
7.72754e-08
4.01258e-06
1.48142e-07
3.90542e-06
2.06933e-07
3.76113e-06
2.61513e-07
3.56705e-06
2.96978e-07
3.32415e-06
3.25687e-07
3.0258e-06
3.31159e-07
2.68568e-06
3.34524e-07
2.22643e-06
2.34032e-07
1.4366e-06
-4.26103e-07
-4.95597e-06
4.89296e-06
1.67405e-08
4.85407e-06
1.31448e-07
4.76705e-06
2.29288e-07
4.6532e-06
3.39559e-07
4.47812e-06
4.28265e-07
4.27235e-06
5.29834e-07
3.98167e-06
5.94959e-07
3.66735e-06
6.74349e-07
3.27368e-06
7.27313e-07
2.75059e-06
7.83996e-07
1.92257e-06
6.5929e-07
-2.88669e-06
5.66129e-06
3.97167e-08
5.59839e-06
1.79092e-07
5.52755e-06
3.34522e-07
5.38196e-06
4.75447e-07
5.2222e-06
6.35996e-07
4.96165e-06
7.75117e-07
4.67594e-06
9.34125e-07
4.28352e-06
1.06242e-06
3.84012e-06
1.2234e-06
3.27766e-06
1.4947e-06
2.20031e-06
1.86507e-06
-1.44095e-07
6.44296e-06
5.21447e-08
6.39877e-06
2.41911e-07
6.30976e-06
4.32414e-07
6.186e-06
6.35355e-07
5.99845e-06
8.42653e-07
5.75726e-06
1.0676e-06
5.42016e-06
1.29236e-06
5.00915e-06
1.53816e-06
4.49879e-06
1.81285e-06
3.72939e-06
2.2739e-06
2.70959e-06
3.4855e-06
2.63436e-06
7.26756e-06
6.9835e-08
7.2241e-06
2.95457e-07
7.14754e-06
5.31145e-07
7.02779e-06
7.80239e-07
6.8573e-06
1.05172e-06
6.61306e-06
1.3455e-06
6.28501e-06
1.67205e-06
5.83866e-06
2.02659e-06
5.22402e-06
2.45475e-06
4.42352e-06
3.27294e-06
2.7557e-06
5.09365e-06
5.74835e-06
8.11137e-06
8.35702e-08
8.07725e-06
3.41265e-07
8.01309e-06
6.11736e-07
7.91424e-06
9.04772e-07
7.76417e-06
1.22882e-06
7.54894e-06
1.59513e-06
7.23658e-06
2.01581e-06
6.7915e-06
2.50859e-06
6.16178e-06
3.13428e-06
5.11236e-06
4.23607e-06
3.35035e-06
7.18291e-06
8.87549e-06
8.96457e-06
9.46213e-08
8.94115e-06
3.747e-07
8.89594e-06
6.713e-07
8.82331e-06
9.97118e-07
8.70874e-06
1.36283e-06
8.53853e-06
1.78926e-06
8.27926e-06
2.2963e-06
7.88287e-06
2.92247e-06
7.24414e-06
3.76061e-06
6.2581e-06
5.3144e-06
4.07325e-06
9.09795e-06
1.29528e-05
9.81599e-06
1.01089e-07
9.80469e-06
3.93984e-07
9.7813e-06
7.06676e-07
9.73878e-06
1.05173e-06
9.67025e-06
1.44458e-06
9.56152e-06
1.90841e-06
9.38922e-06
2.47697e-06
9.10351e-06
3.21397e-06
8.61274e-06
4.25573e-06
7.69613e-06
6.1092e-06
6.01687e-06
1.07988e-05
1.87537e-05
1.06573e-05
1.03343e-07
1.06588e-05
3.99254e-07
1.06568e-05
7.176e-07
1.06465e-05
1.06906e-06
1.06263e-05
1.47106e-06
1.05901e-05
1.94519e-06
1.05339e-05
2.53385e-06
1.04314e-05
3.30497e-06
1.0228e-05
4.4257e-06
9.89617e-06
6.42961e-06
9.20657e-06
1.12939e-05
2.78851e-05
1.69942e-05
-8.79183e-06
-3.18619e-05
1.32799e-05
-9.06599e-06
1.21529e-05
-6.33282e-06
1.17735e-05
-4.56967e-06
1.16241e-05
-3.433e-06
1.15532e-05
-2.6284e-06
1.1513e-05
-2.01601e-06
1.14853e-05
-1.52454e-06
1.14613e-05
-1.11394e-06
1.14387e-05
-7.59945e-07
1.14204e-05
-4.47028e-07
-1.64013e-07
1.14128e-05
1.81225e-05
-3.87003e-06
-2.30337e-05
1.4955e-05
-5.84065e-06
1.36155e-05
-4.94984e-06
1.30089e-05
-3.9332e-06
1.27019e-05
-3.10671e-06
1.25306e-05
-2.44439e-06
1.24257e-05
-1.90313e-06
1.23545e-05
-1.45008e-06
1.23003e-05
-1.06161e-06
1.22565e-05
-7.21147e-07
1.22234e-05
-4.19932e-07
-1.5192e-07
1.22083e-05
1.77154e-05
-1.97383e-06
-1.95811e-05
1.57649e-05
-3.84382e-06
1.46459e-05
-3.79379e-06
1.40237e-05
-3.2849e-06
1.36606e-05
-2.72645e-06
1.34375e-05
-2.20986e-06
1.32925e-05
-1.75096e-06
1.31911e-05
-1.34603e-06
1.31142e-05
-9.86218e-07
1.30523e-05
-6.64982e-07
1.30052e-05
-3.76499e-07
-1.23243e-07
1.29802e-05
1.74634e-05
-1.82863e-05
-1.14005e-06
1.62853e-05
-2.62854e-06
1.54332e-05
-2.90765e-06
1.48781e-05
-2.70481e-06
1.45177e-05
-2.34827e-06
1.42786e-05
-1.95871e-06
1.41145e-05
-1.57938e-06
1.39957e-05
-1.22403e-06
1.3903e-05
-8.95973e-07
1.38276e-05
-5.94723e-07
1.37674e-05
-3.17453e-07
1.3721e-05
-8.25322e-08
1.14218e-05
1.0281e-07
1.14418e-05
3.85305e-07
1.14682e-05
6.95106e-07
1.1498e-05
1.04001e-06
1.15321e-05
1.43106e-06
1.15758e-05
1.88866e-06
1.16444e-05
2.44323e-06
1.17768e-05
3.15017e-06
1.20583e-05
4.10145e-06
1.28632e-05
5.58404e-06
1.58925e-05
8.26209e-06
1.16279e-05
3.2349e-05
1.22245e-05
8.88964e-08
1.22578e-05
3.5787e-07
1.23023e-05
6.58536e-07
1.23567e-05
9.90711e-07
1.24264e-05
1.36292e-06
1.25224e-05
1.78647e-06
1.26732e-05
2.28177e-06
1.2932e-05
2.87283e-06
1.34293e-05
3.59822e-06
1.44766e-05
4.49008e-06
1.71137e-05
5.58099e-06
5.51555e-06
2.3258e-05
1.30071e-05
6.3152e-08
1.30536e-05
3.16246e-07
1.31124e-05
6.05195e-07
1.31854e-05
9.21137e-07
1.3279e-05
1.26784e-06
1.34079e-05
1.65029e-06
1.3601e-05
2.07703e-06
1.39116e-05
2.54886e-06
1.44307e-05
3.05267e-06
1.5358e-05
3.55295e-06
1.70798e-05
3.83854e-06
2.88865e-06
1.9703e-05
1.37707e-05
1.60661e-08
1.38307e-05
2.59986e-07
1.39008e-05
5.38734e-07
1.39865e-05
8.37185e-07
1.40944e-05
1.15567e-06
1.42398e-05
1.49578e-06
1.44468e-05
1.85407e-06
1.47577e-05
2.22002e-06
1.52374e-05
2.5605e-06
1.59755e-05
2.78371e-06
1.7106e-05
2.6942e-06
1.8366e-05
1.64354e-06
1.70558e-05
-9.23545e-06
1.32261e-05
-9.47874e-06
1.20891e-05
-6.61592e-06
1.17223e-05
-4.79254e-06
1.15874e-05
-3.62296e-06
1.15288e-05
-2.79668e-06
1.1499e-05
-2.16844e-06
1.14815e-05
-1.66412e-06
1.14696e-05
-1.24227e-06
1.14607e-05
-8.76072e-07
1.14549e-05
-5.49059e-07
-2.48896e-07
1.14554e-05
1.821e-05
-4.16411e-06
1.4945e-05
-6.15079e-06
1.35776e-05
-5.2077e-06
1.29747e-05
-4.14576e-06
1.26769e-05
-3.29125e-06
1.25148e-05
-2.60957e-06
1.24188e-05
-2.05336e-06
1.23569e-05
-1.58834e-06
1.23148e-05
-1.18883e-06
1.22853e-05
-8.37297e-07
1.22662e-05
-5.21824e-07
-2.34847e-07
1.22601e-05
1.77837e-05
-2.20067e-06
1.57706e-05
-4.09258e-06
1.46283e-05
-4.01535e-06
1.40028e-05
-3.48167e-06
1.3645e-05
-2.9016e-06
1.34289e-05
-2.36858e-06
1.32912e-05
-1.89622e-06
1.31986e-05
-1.48053e-06
1.31337e-05
-1.11128e-06
1.30873e-05
-7.8067e-07
1.30561e-05
-4.79679e-07
-2.08954e-07
1.30418e-05
1.75167e-05
-1.32637e-06
1.62998e-05
-2.83465e-06
1.54259e-05
-3.10665e-06
1.48668e-05
-2.886e-06
1.45093e-05
-2.51371e-06
1.42758e-05
-2.11078e-06
1.41179e-05
-1.72038e-06
1.40072e-05
-1.35586e-06
1.39263e-05
-1.02029e-06
1.38674e-05
-7.11975e-07
1.38249e-05
-4.29034e-07
1.37955e-05
-1.75973e-07
1.1467e-05
3.64385e-08
1.14855e-05
3.35058e-07
1.15068e-05
6.57066e-07
1.15299e-05
1.0105e-06
1.15563e-05
1.40908e-06
1.15933e-05
1.87207e-06
1.16547e-05
2.43243e-06
1.17732e-05
3.14239e-06
1.20377e-05
4.10354e-06
1.27758e-05
5.56312e-06
1.5698e-05
8.24713e-06
1.1569e-05
3.16523e-05
1.22775e-05
2.83193e-08
1.23073e-05
3.1573e-07
1.23448e-05
6.27973e-07
1.23919e-05
9.69059e-07
1.24529e-05
1.34665e-06
1.25426e-05
1.77644e-06
1.26852e-05
2.27594e-06
1.2934e-05
2.87265e-06
1.33981e-05
3.59845e-06
1.44073e-05
4.51481e-06
1.69544e-05
5.60644e-06
5.58571e-06
2.2947e-05
1.30681e-05
9.98814e-09
1.31079e-05
2.83029e-07
1.31585e-05
5.83276e-07
1.32227e-05
9.06592e-07
1.33082e-05
1.25783e-06
1.34299e-05
1.64528e-06
1.36155e-05
2.07536e-06
1.39134e-05
2.55288e-06
1.44124e-05
3.0664e-06
1.5295e-05
3.57019e-06
1.69721e-05
3.89468e-06
2.99026e-06
1.95431e-05
1.38393e-05
-2.70775e-08
1.38891e-05
2.38056e-07
1.39493e-05
5.26321e-07
1.40252e-05
8.29367e-07
1.41253e-05
1.15183e-06
1.42629e-05
1.49459e-06
1.44636e-05
1.85704e-06
1.47636e-05
2.22709e-06
1.52214e-05
2.57416e-06
1.59328e-05
2.81902e-06
1.70272e-05
2.74803e-06
1.82678e-05
1.7441e-06
1.69507e-05
-8.7385e-06
1.32612e-05
-9.06199e-06
1.21393e-05
-6.33689e-06
1.17642e-05
-4.57483e-06
1.16172e-05
-3.43727e-06
1.15479e-05
-2.63197e-06
1.1509e-05
-2.01914e-06
1.14824e-05
-1.52713e-06
1.14596e-05
-1.11593e-06
1.14381e-05
-7.61068e-07
1.14206e-05
-4.46776e-07
-1.6215e-07
1.14129e-05
1.80913e-05
-3.87458e-06
1.49372e-05
-5.84831e-06
1.36027e-05
-4.9569e-06
1.29995e-05
-3.93993e-06
1.2695e-05
-3.112e-06
1.25256e-05
-2.44856e-06
1.24222e-05
-1.90664e-06
1.23523e-05
-1.45293e-06
1.22993e-05
-1.06384e-06
1.22566e-05
-7.22406e-07
1.22244e-05
-4.19835e-07
-1.49852e-07
1.22092e-05
1.76929e-05
-1.99081e-06
1.5749e-05
-3.85595e-06
1.46341e-05
-3.80285e-06
1.40145e-05
-3.29234e-06
1.36537e-05
-2.73228e-06
1.34326e-05
-2.2146e-06
1.32891e-05
-1.75483e-06
1.31892e-05
-1.34918e-06
1.31137e-05
-9.88713e-07
1.30531e-05
-6.66536e-07
1.30069e-05
-3.76594e-07
-1.21293e-07
1.29819e-05
1.74468e-05
-1.16111e-06
1.62718e-05
-2.64296e-06
1.54225e-05
-2.91818e-06
1.48696e-05
-2.71296e-06
1.45111e-05
-2.35465e-06
1.42739e-05
-1.964e-06
1.41113e-05
-1.5837e-06
1.39941e-05
-1.2276e-06
1.3903e-05
-8.98868e-07
1.38291e-05
-5.96711e-07
1.377e-05
-3.18177e-07
1.37238e-05
-8.07447e-08
1.1421e-05
1.06358e-07
1.14392e-05
3.90039e-07
1.14633e-05
7.00683e-07
1.14901e-05
1.04628e-06
1.15202e-05
1.43825e-06
1.15586e-05
1.89687e-06
1.16202e-05
2.45318e-06
1.17427e-05
3.16226e-06
1.20105e-05
4.11706e-06
1.27844e-05
5.59975e-06
1.57321e-05
8.27848e-06
1.15806e-05
3.16392e-05
1.22242e-05
9.31637e-08
1.22556e-05
3.63627e-07
1.22976e-05
6.65076e-07
1.2349e-05
9.98128e-07
1.24149e-05
1.37146e-06
1.2506e-05
1.79687e-06
1.26502e-05
2.29481e-06
1.29002e-05
2.88994e-06
1.33834e-05
3.6216e-06
1.44084e-05
4.52539e-06
1.69945e-05
5.63884e-06
5.60212e-06
2.29959e-05
1.30074e-05
6.81163e-08
1.30518e-05
3.22798e-07
1.31082e-05
6.12538e-07
1.31784e-05
9.29507e-07
1.32686e-05
1.27757e-06
1.33929e-05
1.66245e-06
1.35801e-05
2.09246e-06
1.38828e-05
2.56973e-06
1.43919e-05
3.08283e-06
1.53029e-05
3.59552e-06
1.70057e-05
3.90939e-06
2.9999e-06
1.9598e-05
1.37716e-05
2.23696e-08
1.38294e-05
2.67838e-07
1.38971e-05
5.47284e-07
1.39802e-05
8.46704e-07
1.4085e-05
1.16689e-06
1.42265e-05
1.5097e-06
1.44287e-05
1.87207e-06
1.47334e-05
2.24424e-06
1.52049e-05
2.59415e-06
1.59339e-05
2.83415e-06
1.70553e-05
2.76738e-06
1.83127e-05
1.75035e-06
1.70206e-05
-8.74223e-06
1.33035e-05
-9.12387e-06
1.21724e-05
-6.37713e-06
1.17928e-05
-4.61853e-06
1.1647e-05
-3.48028e-06
1.15801e-05
-2.67531e-06
1.1544e-05
-2.06122e-06
1.15213e-05
-1.56754e-06
1.15048e-05
-1.15325e-06
1.14915e-05
-7.93326e-07
1.14811e-05
-4.71654e-07
-1.78257e-07
1.1476e-05
1.81579e-05
-3.89345e-06
1.49804e-05
-5.89141e-06
1.36312e-05
-5.00584e-06
1.30276e-05
-3.98226e-06
1.27248e-05
-3.15526e-06
1.2558e-05
-2.49311e-06
1.24575e-05
-1.95106e-06
1.2392e-05
-1.49616e-06
1.23463e-05
-1.10406e-06
1.2313e-05
-7.5779e-07
1.22885e-05
-4.46841e-07
-1.64396e-07
1.22766e-05
1.77499e-05
-2.01115e-06
1.57857e-05
-3.89334e-06
1.46635e-05
-3.83806e-06
1.40412e-05
-3.33344e-06
1.36827e-05
-2.77583e-06
1.34647e-05
-2.26e-06
1.33246e-05
-1.80112e-06
1.32297e-05
-1.39495e-06
1.31623e-05
-1.03271e-06
1.31125e-05
-7.0619e-07
1.3076e-05
-4.07519e-07
-1.42456e-07
1.30537e-05
1.74942e-05
-1.17624e-06
1.63076e-05
-2.6722e-06
1.54478e-05
-2.95761e-06
1.48945e-05
-2.75257e-06
1.45387e-05
-2.39713e-06
1.43049e-05
-2.00916e-06
1.41464e-05
-1.63044e-06
1.40346e-05
-1.27505e-06
1.39525e-05
-9.45651e-07
1.38911e-05
-6.40463e-07
1.38419e-05
-3.58728e-07
1.38041e-05
-1.04239e-07
1.14827e-05
9.97773e-08
1.14969e-05
3.90624e-07
1.15142e-05
7.05223e-07
1.15342e-05
1.05274e-06
1.15579e-05
1.44646e-06
1.15926e-05
1.90626e-06
1.16518e-05
2.46437e-06
1.17678e-05
3.17372e-06
1.20301e-05
4.13677e-06
1.27698e-05
5.60463e-06
1.57126e-05
8.30864e-06
1.17008e-05
1.22891e-05
9.00179e-08
1.23148e-05
3.68792e-07
1.23492e-05
6.73736e-07
1.23936e-05
1.00893e-06
1.24528e-05
1.38241e-06
1.25407e-05
1.80939e-06
1.2682e-05
2.30737e-06
1.29296e-05
2.90383e-06
1.33941e-05
3.6314e-06
1.4407e-05
4.55194e-06
1.69751e-05
5.653e-06
5.64801e-06
1.30753e-05
6.95605e-08
1.31118e-05
3.33287e-07
1.316e-05
6.26044e-07
1.32224e-05
9.43678e-07
1.33066e-05
1.29133e-06
1.34273e-05
1.67633e-06
1.36125e-05
2.10529e-06
1.39103e-05
2.58263e-06
1.44103e-05
3.09762e-06
1.52978e-05
3.60428e-06
1.69845e-05
3.92959e-06
3.0307e-06
1.38421e-05
3.26406e-08
1.38895e-05
2.87083e-07
1.39482e-05
5.67052e-07
1.40232e-05
8.64757e-07
1.41226e-05
1.18385e-06
1.426e-05
1.52477e-06
1.44607e-05
1.88621e-06
1.47614e-05
2.25638e-06
1.52208e-05
2.60436e-06
1.59356e-05
2.85015e-06
1.70367e-05
2.78061e-06
1.77348e-06
1.97968e-06
-7.10684e-07
-2.39775e-06
1.24142e-06
-1.86254e-06
6.10359e-07
-2.25071e-06
1.48124e-07
-2.22313e-06
-1.78062e-07
-2.00823e-06
-4.08427e-07
-1.71919e-06
-5.74392e-07
-1.40779e-06
-6.99413e-07
-1.09693e-06
-8.00282e-07
-7.97552e-07
-8.84587e-07
-5.1366e-07
-9.61983e-07
-2.43287e-07
1.60562e-08
-1.04541e-06
1.52852e-06
-4.74879e-07
-1.75711e-06
1.05295e-06
-1.36374e-06
5.87097e-07
-1.76266e-06
2.09962e-07
-1.8277e-06
-7.67395e-08
-1.70822e-06
-2.90756e-07
-1.49597e-06
-4.51749e-07
-1.241e-06
-5.7777e-07
-9.69438e-07
-6.83262e-07
-6.94615e-07
-7.78125e-07
-4.23292e-07
-8.83039e-07
-1.30351e-07
1.94588e-07
-1.07581e-06
1.20815e-06
-3.37619e-07
-1.34236e-06
8.90368e-07
-1.03004e-06
5.4385e-07
-1.4002e-06
2.38958e-07
-1.50978e-06
-7.87362e-09
-1.45211e-06
-2.01166e-07
-1.29649e-06
-3.52116e-07
-1.08653e-06
-4.74035e-07
-8.47068e-07
-5.80726e-07
-5.89773e-07
-6.87709e-07
-3.16666e-07
-8.59887e-07
3.63649e-08
6.7091e-07
-1.30585e-06
9.75086e-07
-1.05817e-06
-2.47416e-07
7.54827e-07
-7.96194e-07
4.93857e-07
-1.12477e-06
2.47946e-07
-1.25175e-06
3.81451e-08
-1.23295e-06
-1.32955e-07
-1.11887e-06
-2.70618e-07
-9.454e-07
-3.8381e-07
-7.33164e-07
-4.85566e-07
-4.91091e-07
-5.96708e-07
-2.1016e-07
-7.87893e-07
2.41509e-07
-1.96731e-06
1.82746e-06
-9.50452e-07
-8.61845e-08
-8.73012e-07
1.81877e-07
-7.92988e-07
4.60206e-07
-6.98822e-07
7.42671e-07
-5.82508e-07
1.03506e-06
-4.30927e-07
1.33511e-06
-2.23565e-07
1.63367e-06
7.00989e-08
1.9126e-06
4.85518e-07
2.12777e-06
1.06506e-06
2.20075e-06
1.80911e-06
1.94179e-06
1.00375e-06
2.45396e-06
-8.71265e-07
-2.85425e-07
-7.64487e-07
7.42306e-08
-6.75196e-07
3.71674e-07
-5.77229e-07
6.43201e-07
-4.60186e-07
9.12985e-07
-3.12813e-07
1.17682e-06
-1.18422e-07
1.42473e-06
1.42673e-07
1.6348e-06
4.92442e-07
1.76647e-06
9.36193e-07
1.74039e-06
1.44035e-06
1.43677e-06
6.57026e-07
1.79949e-06
-8.40622e-07
-7.68911e-07
-6.73853e-07
-9.57415e-08
-5.73195e-07
2.69696e-07
-4.74725e-07
5.42532e-07
-3.62152e-07
7.95534e-07
-2.24024e-07
1.02998e-06
-4.785e-08
1.23732e-06
1.79276e-07
1.39576e-06
4.66643e-07
1.46882e-06
8.09931e-07
1.39783e-06
1.15913e-06
1.08712e-06
4.50763e-07
1.37336e-06
-7.62205e-07
-1.9579e-06
-5.78241e-07
-2.78954e-07
-4.78226e-07
1.69442e-07
-3.85607e-07
4.48184e-07
-2.81719e-07
6.86092e-07
-1.55788e-07
8.94997e-07
3.97888e-10
1.06809e-06
1.94969e-07
1.18812e-06
4.30991e-07
1.22372e-06
6.95087e-07
1.12587e-06
9.44952e-07
8.42139e-07
1.08231e-06
3.24768e-07
2.02343e-06
-8.67589e-07
1.25791e-06
-2.03861e-06
6.09827e-07
-2.42518e-06
1.42997e-07
-2.38785e-06
-1.81239e-07
-2.16193e-06
-4.06971e-07
-1.86221e-06
-5.67445e-07
-1.54191e-06
-6.85147e-07
-1.22352e-06
-7.74682e-07
-9.18678e-07
-8.4339e-07
-6.33372e-07
-8.98437e-07
-3.6371e-07
-1.01546e-07
-9.52321e-07
1.56429e-06
-6.11774e-07
1.06953e-06
-1.51763e-06
5.89959e-07
-1.91922e-06
2.08893e-07
-1.97915e-06
-7.60464e-08
-1.85195e-06
-2.86142e-07
-1.63188e-06
-4.42199e-07
-1.36984e-06
-5.61782e-07
-1.09249e-06
-6.5762e-07
-8.14451e-07
-7.37965e-07
-5.44997e-07
-8.17608e-07
-2.68961e-07
1.67112e-08
-9.44156e-07
1.23746e-06
-4.55667e-07
9.05645e-07
-1.16535e-06
5.48298e-07
-1.54031e-06
2.40478e-07
-1.64729e-06
-4.60772e-09
-1.58427e-06
-1.9427e-07
-1.423e-06
-3.40796e-07
-1.2074e-06
-4.57249e-07
-9.63693e-07
-5.5616e-07
-7.04824e-07
-6.52399e-07
-4.37874e-07
-7.92829e-07
-1.24301e-07
3.21635e-07
-1.06143e-06
9.98359e-07
-3.54961e-07
7.68254e-07
-9.17373e-07
4.99046e-07
-1.25135e-06
2.5113e-07
-1.37886e-06
4.3097e-08
-1.35705e-06
-1.24433e-07
-1.23875e-06
-2.58188e-07
-1.06117e-06
-3.66828e-07
-8.45702e-07
-4.62994e-07
-6.02652e-07
-5.67154e-07
-3.29261e-07
-7.2176e-07
5.16112e-08
-1.32939e-06
9.19637e-07
-8.74999e-07
-1.07511e-07
-8.12214e-07
1.75682e-07
-7.43755e-07
4.57834e-07
-6.59306e-07
7.42214e-07
-5.5125e-07
1.03666e-06
-4.06587e-07
1.33821e-06
-2.05554e-07
1.63955e-06
7.84525e-08
1.92183e-06
4.78516e-07
2.14578e-06
1.03101e-06
2.22785e-06
1.75203e-06
1.99966e-06
1.09761e-06
2.38521e-06
-7.89842e-07
-2.55251e-07
-7.03314e-07
8.84643e-08
-6.26221e-07
3.79496e-07
-5.37682e-07
6.5003e-07
-4.28978e-07
9.193e-07
-2.87857e-07
1.1841e-06
-9.95008e-08
1.43321e-06
1.54081e-07
1.64666e-06
4.88939e-07
1.78406e-06
9.14274e-07
1.77385e-06
1.39795e-06
1.48814e-06
7.3914e-07
1.74826e-06
-7.5131e-07
-5.82194e-07
-6.13975e-07
-5.40175e-08
-5.25355e-07
2.87287e-07
-4.36078e-07
5.55712e-07
-3.31197e-07
8.06578e-07
-1.99085e-07
1.04078e-06
-2.811e-08
1.24807e-06
1.92388e-07
1.4088e-06
4.68626e-07
1.48698e-06
7.94536e-07
1.42482e-06
1.12809e-06
1.13547e-06
5.25922e-07
1.33494e-06
-6.65709e-07
-1.23372e-06
-5.20294e-07
-2.00496e-07
-4.32139e-07
1.96989e-07
-3.4833e-07
4.67275e-07
-2.51418e-07
7.0169e-07
-1.31303e-07
9.08601e-07
2.05002e-08
1.08153e-06
2.09412e-07
1.20265e-06
4.35717e-07
1.24232e-06
6.86751e-07
1.15509e-06
9.23007e-07
8.8588e-07
1.05257e-06
3.88826e-07
1.96704e-06
-7.29827e-07
1.23003e-06
-1.87686e-06
6.00704e-07
-2.26151e-06
1.40298e-07
-2.23142e-06
-1.84151e-07
-2.0148e-06
-4.12864e-07
-1.72467e-06
-5.77295e-07
-1.41237e-06
-7.00767e-07
-1.10081e-06
-7.99974e-07
-8.00867e-07
-8.82572e-07
-5.16397e-07
-9.58307e-07
-2.44964e-07
1.66703e-08
-1.04087e-06
1.5182e-06
-4.94451e-07
1.04312e-06
-1.37847e-06
5.78445e-07
-1.77394e-06
2.02802e-07
-1.83652e-06
-8.23269e-08
-1.71523e-06
-2.9485e-07
-1.50182e-06
-4.54393e-07
-1.24595e-06
-5.78905e-07
-9.73709e-07
-6.82737e-07
-6.98471e-07
-7.75644e-07
-4.26867e-07
-8.7828e-07
-1.33962e-07
1.92866e-07
-1.0685e-06
1.19974e-06
-3.54971e-07
8.81911e-07
-1.04402e-06
5.36158e-07
-1.41111e-06
2.3248e-07
-1.51846e-06
-1.29623e-08
-1.45905e-06
-2.04905e-07
-1.30233e-06
-3.54505e-07
-1.09152e-06
-4.75018e-07
-8.51512e-07
-5.80097e-07
-5.94032e-07
-6.85087e-07
-3.21357e-07
-8.53896e-07
3.01349e-08
6.62274e-07
-1.29326e-06
9.6792e-07
-2.65108e-07
7.47489e-07
-8.10338e-07
4.8701e-07
-1.13599e-06
2.42104e-07
-1.26083e-06
3.35017e-08
-1.24024e-06
-1.36372e-07
-1.12498e-06
-2.72812e-07
-9.50634e-07
-3.84729e-07
-7.37861e-07
-4.85078e-07
-4.95713e-07
-5.94432e-07
-2.15639e-07
-7.82069e-07
2.32052e-07
-1.94297e-06
1.80139e-06
-9.48811e-07
-7.76332e-08
-8.74004e-07
1.91188e-07
-7.96176e-07
4.6974e-07
-7.04279e-07
7.52996e-07
-5.90557e-07
1.04724e-06
-4.42234e-07
1.3501e-06
-2.38826e-07
1.65311e-06
4.98925e-08
1.93852e-06
4.60292e-07
2.16415e-06
1.03318e-06
2.25002e-06
1.77385e-06
2.01396e-06
1.10236e-06
2.422e-06
-8.69054e-07
-2.72309e-07
-7.65257e-07
8.59841e-08
-6.7801e-07
3.82476e-07
-5.81893e-07
6.54657e-07
-4.67054e-07
9.2627e-07
-3.22238e-07
1.19327e-06
-1.31001e-07
1.44576e-06
1.2666e-07
1.66263e-06
4.72392e-07
1.80366e-06
9.13279e-07
1.79239e-06
1.41577e-06
1.50479e-06
7.45306e-07
1.77865e-06
-8.38123e-07
-7.46793e-07
-6.74757e-07
-8.13011e-08
-5.75708e-07
2.81347e-07
-4.78678e-07
5.54519e-07
-3.67823e-07
8.09301e-07
-2.31699e-07
1.04696e-06
-5.78787e-08
1.25876e-06
1.66746e-07
1.4238e-06
4.52029e-07
1.50612e-06
7.92908e-07
1.44575e-06
1.14204e-06
1.15149e-06
5.31301e-07
1.35974e-06
-7.60903e-07
-1.91361e-06
-5.79763e-07
-2.62213e-07
-4.80564e-07
1.81665e-07
-3.88926e-07
4.60778e-07
-2.86273e-07
7.00713e-07
-1.61896e-07
9.12875e-07
-7.35129e-09
1.09055e-06
1.85595e-07
1.2169e-06
4.20026e-07
1.26059e-06
6.83615e-07
1.1744e-06
9.33366e-07
9.01324e-07
1.07327e-06
3.96592e-07
2.00786e-06
-7.42367e-07
1.26052e-06
-1.90302e-06
6.24932e-07
-2.29241e-06
1.63254e-07
-2.26897e-06
-1.58451e-07
-2.05605e-06
-3.83246e-07
-1.76919e-06
-5.43299e-07
-1.45933e-06
-6.60925e-07
-1.14978e-06
-7.50395e-07
-8.50589e-07
-8.20821e-07
-5.6752e-07
-8.81252e-07
-2.94341e-07
-3.26406e-08
-9.48816e-07
1.55326e-06
-5.03992e-07
1.0711e-06
-1.40097e-06
5.99588e-07
-1.80621e-06
2.23842e-07
-1.87202e-06
-5.84272e-08
-1.7548e-06
-2.66778e-07
-1.54493e-06
-4.21834e-07
-1.29233e-06
-5.40169e-07
-1.02291e-06
-6.34679e-07
-7.50451e-07
-7.14446e-07
-4.82583e-07
-8.01056e-07
-2.04369e-07
1.04456e-07
-9.42344e-07
1.22981e-06
-3.6166e-07
9.05991e-07
-1.06411e-06
5.55758e-07
-1.4378e-06
2.51675e-07
-1.55161e-06
9.19989e-09
-1.49653e-06
-1.78534e-07
-1.34376e-06
-3.23561e-07
-1.13699e-06
-4.37995e-07
-9.00883e-07
-5.34191e-07
-6.48336e-07
-6.28397e-07
-3.84345e-07
-7.70153e-07
-6.00239e-08
4.11409e-07
-1.06693e-06
9.93238e-07
-2.71859e-07
7.69035e-07
-8.28221e-07
5.04209e-07
-1.16274e-06
2.59557e-07
-1.29235e-06
5.39463e-08
-1.27601e-06
-1.11823e-07
-1.16493e-06
-2.4371e-07
-9.94711e-07
-3.49966e-07
-7.86907e-07
-4.42324e-07
-5.50701e-07
-5.40476e-07
-2.8197e-07
-6.9623e-07
1.01391e-07
-1.34391e-06
1.0546e-06
-8.76588e-07
-4.29916e-08
-8.15179e-07
2.23505e-07
-7.46989e-07
4.95795e-07
-6.62634e-07
7.74936e-07
-5.54642e-07
1.06636e-06
-4.09777e-07
1.36647e-06
-2.08301e-07
1.667e-06
7.66633e-08
1.94945e-06
4.78427e-07
2.17389e-06
1.03424e-06
2.25667e-06
1.75892e-06
2.02689e-06
1.12425e-06
-7.9734e-07
-1.86315e-07
-7.09876e-07
1.35003e-07
-6.31324e-07
4.15116e-07
-5.4205e-07
6.80751e-07
-4.32816e-07
9.47783e-07
-2.91251e-07
1.21148e-06
-1.02106e-07
1.46018e-06
1.52569e-07
1.67371e-06
4.89238e-07
1.81134e-06
9.16899e-07
1.80091e-06
1.40422e-06
1.51496e-06
7.61712e-07
-7.64642e-07
-5.00953e-07
-6.23945e-07
-1.07249e-08
-5.32031e-07
3.18778e-07
-4.41124e-07
5.8332e-07
-3.35328e-07
8.32791e-07
-2.02546e-07
1.0662e-06
-3.06363e-08
1.27339e-06
1.91011e-07
1.43403e-06
4.68907e-07
1.51241e-06
7.97049e-07
1.44999e-06
1.13269e-06
1.15865e-06
5.48227e-07
-6.86011e-07
-1.15518e-06
-5.32946e-07
-1.65395e-07
-4.39863e-07
2.23418e-07
-3.53723e-07
4.92507e-07
-2.55712e-07
7.26495e-07
-1.34729e-07
9.33493e-07
1.79957e-08
1.1063e-06
2.08122e-07
1.22763e-06
4.35929e-07
1.26704e-06
6.88586e-07
1.17925e-06
9.27199e-07
9.09226e-07
4.08341e-07
8.01292e-07
-1.91663e-07
-8.57513e-07
6.43926e-07
-6.29885e-07
4.4447e-07
-9.15468e-07
2.45776e-07
-1.04499e-06
6.86177e-08
-1.04976e-06
-8.08829e-08
-9.65886e-07
-2.03601e-07
-8.20994e-07
-3.04639e-07
-6.32653e-07
-3.90926e-07
-4.0705e-07
-4.65897e-07
-1.34152e-07
-5.34838e-07
3.03008e-07
1.33174e-06
6.70061e-07
-1.47254e-07
-7.08486e-07
5.53942e-07
-5.05064e-07
3.99081e-07
-7.51731e-07
2.37876e-07
-8.7558e-07
8.86451e-08
-8.94381e-07
-4.07036e-08
-8.32261e-07
-1.48459e-07
-7.11304e-07
-2.36123e-07
-5.45775e-07
-3.04746e-07
-3.41298e-07
-3.48063e-07
-9.64291e-08
-3.07187e-07
2.70851e-07
9.84798e-07
5.68462e-07
-1.20698e-07
-5.97606e-07
4.80839e-07
-4.12177e-07
3.58993e-07
-6.24096e-07
2.27285e-07
-7.38915e-07
1.01687e-07
-7.65219e-07
-9.76323e-09
-7.19199e-07
-1.03549e-07
-6.17233e-07
-1.78663e-07
-4.72017e-07
-2.33187e-07
-2.89076e-07
-2.57057e-07
-7.30919e-08
-2.14069e-07
2.17379e-07
7.95253e-07
4.89651e-07
-9.39802e-08
-5.10401e-07
4.21408e-07
-3.38721e-07
3.2421e-07
-5.21024e-07
2.15825e-07
-6.25259e-07
1.09947e-07
-6.55106e-07
1.42446e-08
-6.20601e-07
-6.70502e-08
-5.35207e-07
-1.31155e-07
-4.08982e-07
-1.75132e-07
-2.48737e-07
-1.90407e-07
-6.31429e-08
-1.47903e-07
1.7592e-07
6.01517e-07
4.26592e-07
-8.14264e-08
-4.43681e-07
3.72806e-07
-2.8208e-07
2.94379e-07
-4.39418e-07
2.04433e-07
-5.32597e-07
1.15031e-07
-5.63528e-07
3.26657e-08
-5.38077e-07
-3.76486e-08
-4.65303e-07
-9.26514e-08
-3.55921e-07
-1.29055e-07
-2.14768e-07
-1.38903e-07
-5.45289e-08
-1.07917e-07
1.34174e-07
5.03373e-07
3.76991e-07
-6.62748e-08
-3.88693e-07
3.32762e-07
-2.34531e-07
2.68997e-07
-3.72965e-07
1.93579e-07
-4.53389e-07
1.17847e-07
-4.85351e-07
4.69723e-08
-4.65126e-07
-1.4011e-08
-4.03939e-07
-6.12685e-08
-3.10193e-07
-9.21865e-08
-1.86642e-07
-1.00471e-07
-5.17557e-08
-7.48896e-08
1.06276e-07
3.80102e-07
3.37828e-07
-5.80256e-08
-3.46205e-07
2.99889e-07
-1.99335e-07
2.48562e-07
-3.18408e-07
1.83709e-07
-3.89959e-07
1.19787e-07
-4.20229e-07
5.8019e-08
-4.04862e-07
4.86103e-09
-3.52836e-07
-3.58915e-08
-2.7128e-07
-6.33625e-08
-1.63556e-07
-7.00362e-08
-4.65147e-08
-5.57552e-08
8.04634e-08
3.21357e-07
3.12858e-07
-5.54489e-08
-3.17608e-07
2.78961e-07
-1.63784e-07
2.36358e-07
-2.77286e-07
1.78771e-07
-3.30759e-07
1.23408e-07
-3.64805e-07
6.80019e-08
-3.4922e-07
2.05853e-08
-3.05779e-07
-1.57083e-08
-2.3739e-07
-4.08347e-08
-1.4085e-07
-4.78258e-08
-4.46786e-08
-3.99591e-08
6.75325e-08
2.38467e-07
3.23064e-07
-2.99908e-08
-3.21686e-07
2.85211e-07
-1.52775e-07
2.49655e-07
-2.22076e-07
1.89863e-07
-2.91073e-07
1.38443e-07
-3.0594e-07
8.25823e-08
-3.02061e-07
3.54077e-08
-2.64512e-07
5.6541e-10
-2.01022e-07
-2.65926e-08
-1.2731e-07
-3.26405e-08
-3.2964e-08
-3.44971e-08
5.14103e-08
2.05878e-07
4.08669e-07
-1.49677e-08
-4.08834e-07
3.68221e-07
-1.24012e-07
3.22591e-07
-1.75092e-07
2.52519e-07
-2.36441e-07
1.88324e-07
-2.45048e-07
1.19967e-07
-2.46001e-07
6.17252e-08
-2.16066e-07
1.71514e-08
-1.65186e-07
-1.60932e-08
-1.09325e-07
-2.66804e-08
-2.98501e-08
-3.05451e-08
3.69371e-08
1.35143e-07
6.77103e-07
3.59367e-08
-6.7401e-07
6.17497e-07
-8.89011e-08
5.44077e-07
-1.04618e-07
4.35586e-07
-1.68842e-07
3.31821e-07
-1.58925e-07
2.22192e-07
-1.72926e-07
1.26998e-07
-1.54923e-07
5.23945e-08
-1.23262e-07
-3.34368e-09
-1.02175e-07
-2.46691e-08
-4.2061e-08
-3.32186e-08
-1.72279e-08
2.61555e-08
1.18949e-06
-1.14889e-06
1.1008e-06
9.86564e-07
8.14121e-07
6.47012e-07
4.66268e-07
3.04422e-07
1.69807e-07
6.05347e-08
5.16172e-09
-2.61555e-08
-4.99506e-07
-1.4719e-06
-4.48786e-07
-3.3121e-07
-3.84232e-07
1.03432e-07
-3.07283e-07
3.68965e-07
-2.15233e-07
5.89757e-07
-1.03142e-07
7.76169e-07
3.36536e-08
9.22358e-07
1.9909e-07
1.01431e-06
3.91698e-07
1.02514e-06
5.98718e-07
9.22372e-07
7.81157e-07
6.63443e-07
2.40519e-07
8.74271e-07
-2.89747e-07
-1.15088e-06
-3.34315e-07
-2.83269e-07
-3.0021e-07
7.01792e-08
-2.39701e-07
3.07028e-07
-1.60187e-07
5.06442e-07
-6.19947e-08
6.7039e-07
5.67837e-08
7.94263e-07
1.9659e-07
8.64418e-07
3.54883e-07
8.61494e-07
5.17047e-07
7.57219e-07
6.54638e-07
5.33362e-07
1.8436e-07
7.21116e-07
-2.0335e-07
-9.46319e-07
-2.49815e-07
-2.35309e-07
-2.30983e-07
5.09467e-08
-1.83195e-07
2.58075e-07
-1.15286e-07
4.35606e-07
-2.97497e-08
5.80414e-07
7.2657e-08
6.85603e-07
1.91041e-07
7.41037e-07
3.20832e-07
7.28599e-07
4.50635e-07
6.32982e-07
5.55713e-07
4.34044e-07
1.43779e-07
6.05022e-07
-1.45665e-07
-7.64821e-07
-1.8689e-07
-1.8922e-07
-1.75305e-07
4.11118e-08
-1.36677e-07
2.19132e-07
-7.85406e-08
3.7472e-07
-4.45019e-09
5.01245e-07
8.38459e-08
5.90633e-07
1.83778e-07
6.34654e-07
2.91498e-07
6.18524e-07
3.95011e-07
5.29729e-07
4.77536e-07
3.60119e-07
1.15631e-07
5.15333e-07
-1.0662e-07
-6.47626e-07
-1.39497e-07
-1.53381e-07
-1.31128e-07
3.32423e-08
-9.89174e-08
1.86921e-07
-4.88055e-08
3.23105e-07
1.53907e-08
4.34761e-07
9.16064e-08
5.10551e-07
1.76295e-07
5.48009e-07
2.65775e-07
5.28338e-07
3.49908e-07
4.53133e-07
4.14865e-07
3.02239e-07
9.47144e-08
4.44566e-07
-7.8766e-08
-5.36907e-07
-1.0337e-07
-1.23841e-07
-9.5801e-08
2.78077e-08
-6.82467e-08
1.59598e-07
-2.45234e-08
2.77794e-07
3.09035e-08
3.76161e-07
9.73324e-08
4.39808e-07
1.68663e-07
4.73547e-07
2.44602e-07
4.52235e-07
3.11833e-07
3.89358e-07
3.64112e-07
2.59125e-07
7.97915e-08
3.87852e-07
-6.01964e-08
-4.6082e-07
-7.57008e-08
-1.04519e-07
-6.77222e-08
2.15706e-08
-4.35151e-08
1.36182e-07
-4.6753e-09
2.40141e-07
4.3096e-08
3.26365e-07
1.02141e-07
3.82122e-07
1.61814e-07
4.10888e-07
2.27814e-07
3.92325e-07
2.81252e-07
3.3887e-07
3.23164e-07
2.25631e-07
6.98726e-08
3.42561e-07
-4.87699e-08
-3.83991e-07
-5.47583e-08
-9.33427e-08
-4.55175e-08
1.45743e-08
-2.32892e-08
1.15769e-07
1.2198e-08
2.03615e-07
5.47582e-08
2.84094e-07
1.08581e-07
3.24688e-07
1.60232e-07
3.60859e-07
2.19222e-07
3.3272e-07
2.62351e-07
3.02928e-07
2.96392e-07
1.96542e-07
6.09739e-08
3.12419e-07
-4.53345e-08
-3.24481e-07
-4.20976e-08
-9.10531e-08
-3.07386e-08
7.18024e-09
-8.92595e-09
9.30298e-08
2.85854e-08
1.77921e-07
6.80429e-08
2.32674e-07
1.26102e-07
2.90108e-07
1.71206e-07
2.92739e-07
2.35195e-07
3.03991e-07
2.68871e-07
2.43291e-07
3.0085e-07
1.75335e-07
5.57263e-08
3.15592e-07
-4.87154e-08
-2.46115e-07
-4.08629e-08
-8.42196e-08
-2.69194e-08
1.14036e-09
1.47856e-09
7.48404e-08
4.58601e-08
1.41561e-07
9.76155e-08
1.85592e-07
1.65222e-07
2.32777e-07
2.2497e-07
2.32132e-07
2.98249e-07
2.48997e-07
3.40204e-07
1.90328e-07
3.73517e-07
1.35328e-07
5.30234e-08
3.91326e-07
-6.16765e-08
-1.26032e-07
-6.02244e-08
-4.37405e-08
-4.06239e-08
1.25837e-08
4.68755e-09
5.98132e-08
7.44577e-08
1.00419e-07
1.58017e-07
1.16519e-07
2.63228e-07
1.58764e-07
3.60812e-07
1.38166e-07
4.74076e-07
1.84227e-07
5.38527e-07
9.21683e-08
5.88652e-07
7.16354e-08
6.32759e-08
6.17909e-07
-1.1528e-07
-1.51951e-07
-1.32676e-07
-6.59981e-08
3.70792e-08
1.61497e-07
3.1984e-07
4.70317e-07
6.46932e-07
7.35112e-07
8.15488e-07
8.88489e-07
8.2009e-07
-2.85128e-07
6.55491e-07
-7.3837e-07
4.49422e-07
-1.03121e-06
2.49768e-07
-1.16086e-06
7.46803e-08
-1.16374e-06
-7.13379e-08
-1.07667e-06
-1.90474e-07
-9.28798e-07
-2.87649e-07
-7.37926e-07
-3.69894e-07
-5.11864e-07
-4.42554e-07
-2.46432e-07
-5.09295e-07
1.22563e-07
4.79962e-07
6.8434e-07
-2.34277e-07
5.6328e-07
-6.03743e-07
4.03943e-07
-8.56755e-07
2.42318e-07
-9.83938e-07
9.54484e-08
-1.00166e-06
-3.05481e-08
-9.37771e-07
-1.34901e-07
-8.14034e-07
-2.19284e-07
-6.46955e-07
-2.84832e-07
-4.41853e-07
-3.26906e-07
-2.02338e-07
-2.89597e-07
1.06273e-07
1.83465e-07
5.79442e-07
-1.95673e-07
4.88354e-07
-5.0175e-07
3.62932e-07
-7.21839e-07
2.31904e-07
-8.38759e-07
1.08802e-07
-8.63581e-07
8.76927e-10
-8.16109e-07
-8.98609e-08
-7.12082e-07
-1.61955e-07
-5.6556e-07
-2.13853e-07
-3.82821e-07
-2.36447e-07
-1.71749e-07
-1.94319e-07
6.70469e-08
5.52768e-08
4.96869e-07
-1.65164e-07
4.26814e-07
-4.20896e-07
3.2761e-07
-6.10955e-07
2.20686e-07
-7.20522e-07
1.17281e-07
-7.4908e-07
2.51388e-08
-7.13868e-07
-5.33181e-08
-6.2587e-07
-1.14796e-07
-4.98918e-07
-1.56421e-07
-3.38337e-07
-1.70408e-07
-1.56784e-07
-1.27181e-07
3.8723e-08
-8.11936e-08
4.31139e-07
-1.40797e-07
3.7638e-07
-3.57963e-07
2.96541e-07
-5.25386e-07
2.09419e-07
-6.23153e-07
1.224e-07
-6.50302e-07
4.39057e-08
-6.23936e-07
-2.40296e-08
-5.48796e-07
-7.65067e-08
-4.38141e-07
-1.10889e-07
-2.98309e-07
-1.19081e-07
-1.41173e-07
-8.66309e-08
9.02507e-09
-1.1511e-07
3.77866e-07
-1.20538e-07
3.34193e-07
-3.06494e-07
2.70184e-07
-4.52984e-07
1.99154e-07
-5.45162e-07
1.25314e-07
-5.67513e-07
5.84747e-08
-5.49799e-07
-4.06807e-10
-4.82931e-07
-4.56703e-08
-3.89011e-07
-7.44933e-08
-2.66506e-07
-8.10315e-08
-1.33211e-07
-5.22046e-08
-8.36173e-09
-1.72062e-07
3.35077e-07
-1.03042e-07
2.99847e-07
-2.64537e-07
2.47474e-07
-3.96683e-07
1.90965e-07
-4.76468e-07
1.26747e-07
-4.97445e-07
7.04632e-08
-4.83124e-07
1.82475e-08
-4.25598e-07
-2.06997e-08
-3.43912e-07
-4.59152e-08
-2.37657e-07
-5.08473e-08
-1.23297e-07
-3.00385e-08
-2.55379e-08
-1.67584e-07
3.06597e-07
-8.76854e-08
2.77052e-07
-2.28391e-07
2.34255e-07
-3.43312e-07
1.87908e-07
-4.24274e-07
1.30617e-07
-4.29421e-07
8.1644e-08
-4.27296e-07
3.40629e-08
-3.70044e-07
-7.13249e-10
-3.0449e-07
-2.37366e-08
-2.10624e-07
-2.87581e-08
-1.14224e-07
-9.33557e-09
-3.63059e-08
-1.70335e-07
3.1037e-07
-7.34842e-08
2.83312e-07
-1.964e-07
2.42503e-07
-3.03911e-07
2.05294e-07
-3.48884e-07
1.44117e-07
-3.85801e-07
1.00201e-07
-3.58355e-07
4.96731e-08
-3.29679e-07
1.65452e-08
-2.60868e-07
-7.67555e-09
-1.87593e-07
-1.3633e-08
-1.06592e-07
5.98662e-09
-4.8768e-08
-1.57737e-07
3.85937e-07
-5.25947e-08
3.53797e-07
-1.60651e-07
3.1222e-07
-2.30346e-07
2.67399e-07
-2.61927e-07
1.9795e-07
-3.03652e-07
1.41814e-07
-2.78832e-07
8.18457e-08
-2.62799e-07
3.93311e-08
-2.07496e-07
8.69712e-09
-1.53357e-07
-7.70555e-10
-9.10063e-08
1.75472e-08
-5.62944e-08
-1.405e-07
6.10538e-07
-1.05796e-09
5.63763e-07
-7.75957e-08
5.08505e-07
-7.91831e-08
4.44739e-07
-6.96566e-08
3.43032e-07
-1.4404e-07
2.55516e-07
-1.17075e-07
1.6277e-07
-1.38723e-07
9.4144e-08
-1.04561e-07
4.37991e-08
-8.57528e-08
2.32701e-08
-4.94086e-08
2.92846e-08
-4.02068e-08
-1.06684e-07
9.03416e-07
8.46097e-07
7.96961e-07
7.3969e-07
6.13108e-07
5.02922e-07
3.72222e-07
2.71524e-07
1.90311e-07
1.46048e-07
1.06684e-07
-4.32971e-07
-8.27402e-07
-3.94695e-07
-2.4309e-07
-3.40577e-07
1.38885e-07
-2.71696e-07
3.93286e-07
-1.86097e-07
6.09027e-07
-7.91553e-08
7.92225e-07
5.36867e-08
9.37282e-07
2.14426e-07
1.02898e-06
3.9943e-07
1.04261e-06
5.94793e-07
9.45904e-07
7.65625e-07
7.01929e-07
3.00087e-07
8.526e-07
-2.37465e-07
-5.62475e-07
-2.86136e-07
-1.92994e-07
-2.59907e-07
1.11577e-07
-2.06161e-07
3.36074e-07
-1.32502e-07
5.28432e-07
-3.87711e-08
6.8884e-07
7.63471e-08
8.10302e-07
2.12373e-07
8.80252e-07
3.64095e-07
8.78934e-07
5.17298e-07
7.81506e-07
6.45225e-07
5.68943e-07
2.34181e-07
7.04753e-07
-1.6221e-07
-4.14769e-07
-2.08053e-07
-1.48939e-07
-1.9427e-07
9.52706e-08
-1.52105e-07
2.89716e-07
-8.90535e-08
4.59914e-07
-7.59271e-09
5.99857e-07
9.17812e-08
7.02128e-07
2.06909e-07
7.55724e-07
3.3159e-07
7.43853e-07
4.53758e-07
6.51593e-07
5.5015e-07
4.63227e-07
1.90968e-07
5.94354e-07
-1.1087e-07
-2.74016e-07
-1.50134e-07
-1.06117e-07
-1.42063e-07
8.73326e-08
-1.07952e-07
2.53341e-07
-5.39842e-08
4.00628e-07
1.65623e-08
5.21634e-07
1.02163e-07
6.07509e-07
1.99436e-07
6.49327e-07
3.02854e-07
6.33452e-07
4.00607e-07
5.47659e-07
4.7642e-07
3.87344e-07
1.53068e-07
5.07982e-07
-7.55127e-08
-1.99751e-07
-1.0666e-07
-7.4845e-08
-1.00966e-07
8.0708e-08
-7.26484e-08
2.21792e-07
-2.59366e-08
3.50385e-07
3.51485e-08
4.54632e-07
1.0912e-07
5.2721e-07
1.91628e-07
5.60193e-07
2.77654e-07
5.40184e-07
3.57458e-07
4.64815e-07
4.1606e-07
3.21966e-07
1.30315e-07
4.41693e-07
-4.96629e-08
-1.18915e-07
-7.33819e-08
-4.6642e-08
-6.86225e-08
7.66174e-08
-4.41675e-08
1.96209e-07
-3.58007e-09
3.05524e-07
4.9472e-08
3.962e-07
1.13678e-07
4.56105e-07
1.83462e-07
4.8462e-07
2.56385e-07
4.6358e-07
3.2088e-07
3.98182e-07
3.68626e-07
2.77205e-07
1.05373e-07
3.87146e-07
-3.13623e-08
-8.0004e-08
-4.81373e-08
-2.80294e-08
-4.32367e-08
7.18473e-08
-2.18277e-08
1.73229e-07
1.4455e-08
2.67912e-07
6.03149e-08
3.45789e-07
1.1731e-07
3.97273e-07
1.76081e-07
4.20292e-07
2.39133e-07
4.00557e-07
2.91816e-07
3.43341e-07
3.29e-07
2.34796e-07
9.09224e-08
3.45158e-07
-1.75607e-08
-3.70043e-08
-2.93927e-08
-1.24007e-08
-2.39006e-08
6.73041e-08
-4.15517e-09
1.53074e-07
2.93297e-08
2.31585e-07
7.03153e-08
3.02276e-07
1.22381e-07
3.40431e-07
1.73402e-07
3.68038e-07
2.29718e-07
3.42111e-07
2.73143e-07
3.01466e-07
3.03988e-07
2.02688e-07
7.75186e-08
3.1708e-07
-8.46282e-09
-2.02762e-08
-1.69854e-08
1.20865e-10
-1.00946e-08
6.17597e-08
9.8161e-09
1.31274e-07
4.52682e-08
2.03076e-07
8.41046e-08
2.52576e-07
1.39439e-07
3.00312e-07
1.85497e-07
3.03886e-07
2.44657e-07
3.03994e-07
2.81684e-07
2.46098e-07
3.10765e-07
1.76078e-07
6.23103e-08
3.21944e-07
-1.66311e-09
7.35773e-09
-7.21321e-09
1.64522e-08
3.18748e-09
5.55261e-08
2.98024e-08
1.08617e-07
7.26654e-08
1.62714e-07
1.22808e-07
2.0016e-07
1.88212e-07
2.3953e-07
2.47273e-07
2.39388e-07
3.16013e-07
2.44897e-07
3.62109e-07
1.95223e-07
3.92487e-07
1.32935e-07
6.15863e-08
4.09048e-07
5.97793e-09
5.12543e-08
1.01679e-08
4.34904e-08
3.21005e-08
5.03102e-08
7.72717e-08
7.48818e-08
1.45043e-07
1.02789e-07
2.25755e-07
1.13888e-07
3.26892e-07
1.49572e-07
4.21789e-07
1.33658e-07
5.28393e-07
1.6676e-07
5.99247e-07
1.04576e-07
6.46318e-07
6.72274e-08
6.42092e-08
6.74102e-07
5.93571e-08
1.06749e-07
1.5955e-07
2.36606e-07
3.37613e-07
4.54702e-07
6.00957e-07
7.41715e-07
9.04387e-07
1.00384e-06
1.07788e-06
1.14831e-06
7.95307e-07
-2.07529e-07
6.3759e-07
-6.43045e-07
4.38398e-07
-9.26215e-07
2.40551e-07
-1.05362e-06
6.4407e-08
-1.05681e-06
-8.398e-08
-9.71731e-07
-2.05613e-07
-8.26066e-07
-3.05537e-07
-6.37241e-07
-3.90727e-07
-4.11655e-07
-4.64772e-07
-1.39773e-07
-5.32254e-07
2.93204e-07
1.30937e-06
6.64926e-07
-1.63304e-07
5.484e-07
-5.18625e-07
3.93715e-07
-7.62634e-07
2.33171e-07
-8.84654e-07
8.48394e-08
-9.01602e-07
-4.35292e-08
-8.38345e-07
-1.50312e-07
-7.16439e-07
-2.37019e-07
-5.50404e-07
-3.04801e-07
-3.4582e-07
-3.47634e-07
-1.01649e-07
-3.0695e-07
2.61986e-07
9.65852e-07
5.6406e-07
-1.35377e-07
4.76101e-07
-4.24622e-07
3.54204e-07
-6.34442e-07
2.23135e-07
-7.47248e-07
9.82403e-08
-7.7202e-07
-1.22893e-08
-7.24765e-07
-1.05244e-07
-6.22009e-07
-1.7952e-07
-4.76266e-07
-2.3337e-07
-2.93261e-07
-2.56946e-07
-7.78491e-08
-2.14048e-07
2.0979e-07
7.78045e-07
4.85864e-07
-1.08389e-07
4.17285e-07
-3.51899e-07
3.19991e-07
-5.31455e-07
2.1212e-07
-6.34225e-07
1.06858e-07
-6.62024e-07
1.19594e-08
-6.26479e-07
-6.85948e-08
-5.3997e-07
-1.3198e-07
-4.13224e-07
-1.75401e-07
-2.52695e-07
-1.90438e-07
-6.7425e-08
-1.48114e-07
1.69287e-07
5.87068e-07
4.23138e-07
-9.52e-08
3.69405e-07
-2.93815e-07
2.90556e-07
-4.49554e-07
2.0127e-07
-5.40485e-07
1.12226e-07
-5.70111e-07
3.06825e-08
-5.43177e-07
-3.90564e-08
-4.69691e-07
-9.33921e-08
-3.59595e-07
-1.29352e-07
-2.18318e-07
-1.39022e-07
-5.82607e-08
-1.08135e-07
1.28638e-07
4.90547e-07
3.73998e-07
-7.83968e-08
3.29798e-07
-2.4732e-07
2.65696e-07
-3.82692e-07
1.90777e-07
-4.62349e-07
1.15393e-07
-4.91882e-07
4.51927e-08
-4.70756e-07
-1.52565e-08
-4.08259e-07
-6.19568e-08
-3.13915e-07
-9.24907e-08
-1.89954e-07
-1.00628e-07
-5.50696e-08
-7.51752e-08
1.01585e-07
3.69595e-07
3.34699e-07
-6.92608e-08
2.97647e-07
-2.11043e-07
2.4544e-07
-3.27735e-07
1.81492e-07
-3.98243e-07
1.17536e-07
-4.2642e-07
5.65684e-08
-4.09967e-07
3.74021e-09
-3.56774e-07
-3.64585e-08
-2.74543e-07
-6.36443e-08
-1.66447e-07
-7.01866e-08
-4.93073e-08
-5.59792e-08
7.66839e-08
3.12642e-07
3.09636e-07
-6.34017e-08
2.77297e-07
-1.76733e-07
2.33478e-07
-2.85191e-07
1.77088e-07
-3.40462e-07
1.21418e-07
-3.70475e-07
6.68883e-08
-3.54993e-07
1.96354e-08
-3.09412e-07
-1.61217e-08
-2.40667e-07
-4.10519e-08
-1.43381e-07
-4.79193e-08
-4.70384e-08
-4.01365e-08
6.45835e-08
2.3205e-07
3.18591e-07
-4.24302e-08
2.84405e-07
-1.59988e-07
2.46186e-07
-2.33175e-07
1.88855e-07
-2.96965e-07
1.36272e-07
-3.13036e-07
8.18319e-08
-3.05812e-07
3.44572e-08
-2.68337e-07
3.02428e-10
-2.03354e-07
-2.67702e-08
-1.29482e-07
-3.26717e-08
-3.47241e-08
-3.46124e-08
4.93337e-08
2.01127e-07
4.02753e-07
-3.19014e-08
3.65897e-07
-1.28816e-07
3.17992e-07
-1.85401e-07
2.50291e-07
-2.40265e-07
1.85233e-07
-2.51009e-07
1.18324e-07
-2.48101e-07
6.01436e-08
-2.18446e-07
1.63846e-08
-1.66013e-07
-1.65806e-08
-1.10039e-07
-2.68974e-08
-3.02171e-08
-3.07409e-08
3.65041e-08
1.33443e-07
6.65509e-07
3.23234e-09
6.09676e-07
-8.76401e-08
5.33468e-07
-1.1345e-07
4.28127e-07
-1.64975e-07
3.2369e-07
-1.61248e-07
2.16345e-07
-1.68512e-07
1.21922e-07
-1.5227e-07
4.9008e-08
-1.18374e-07
-5.64944e-09
-9.78528e-08
-2.59937e-08
-3.77594e-08
-3.38276e-08
-1.3198e-08
2.99938e-08
1.15463e-06
1.06662e-06
9.46147e-07
7.78105e-07
6.10711e-07
4.35648e-07
2.7814e-07
1.49793e-07
4.61206e-08
-3.84955e-09
-2.99938e-08
-5.02561e-07
-1.42856e-06
-4.51188e-07
-3.15814e-07
-3.86376e-07
1.15059e-07
-3.09949e-07
3.81342e-07
-2.18744e-07
6.04419e-07
-1.07786e-07
7.93881e-07
2.79149e-08
9.44582e-07
1.92268e-07
1.04217e-06
3.84398e-07
1.06081e-06
5.9062e-07
9.65907e-07
7.73559e-07
7.18879e-07
3.06266e-07
8.68728e-07
-2.93514e-07
-1.10587e-06
-3.36548e-07
-2.69717e-07
-3.01986e-07
8.11264e-08
-2.41688e-07
3.19712e-07
-1.62796e-07
5.21398e-07
-6.53153e-08
6.88806e-07
5.27076e-08
8.16721e-07
1.92037e-07
8.92534e-07
3.49899e-07
8.95935e-07
5.12397e-07
8.00575e-07
6.50053e-07
5.83708e-07
2.43092e-07
7.17928e-07
-2.05604e-07
-9.0325e-07
-2.51347e-07
-2.23135e-07
-2.32137e-07
6.13601e-08
-1.8455e-07
2.70178e-07
-1.16957e-07
4.50266e-07
-3.19688e-08
5.98097e-07
7.01177e-08
7.07346e-07
1.88192e-07
7.67532e-07
3.18249e-07
7.61238e-07
4.47888e-07
6.71228e-07
5.53386e-07
4.81048e-07
1.97775e-07
6.03778e-07
-1.46871e-07
-7.21543e-07
-1.87674e-07
-1.77636e-07
-1.75895e-07
5.12112e-08
-1.37379e-07
2.31471e-07
-7.94504e-08
3.89483e-07
-5.64774e-09
5.19254e-07
8.25014e-08
6.12249e-07
1.82452e-07
6.60916e-07
2.90328e-07
6.497e-07
3.9444e-07
5.67524e-07
4.76943e-07
4.02404e-07
1.63817e-07
5.15381e-07
-1.07014e-07
-6.06531e-07
-1.3963e-07
-1.42722e-07
-1.31078e-07
4.31697e-08
-9.9047e-08
1.98472e-07
-4.89602e-08
3.37475e-07
1.5031e-08
4.51573e-07
9.13395e-08
5.31307e-07
1.76093e-07
5.72171e-07
2.66143e-07
5.57643e-07
3.50374e-07
4.85784e-07
4.15615e-07
3.41544e-07
1.38906e-07
4.45772e-07
-7.84904e-08
-4.96814e-07
-1.02843e-07
-1.13365e-07
-9.53105e-08
3.75926e-08
-6.77668e-08
1.71364e-07
-2.4151e-08
2.92105e-07
3.13837e-08
3.92958e-07
9.78018e-08
4.60175e-07
1.69539e-07
4.97007e-07
2.45702e-07
4.8005e-07
3.1371e-07
4.20963e-07
3.65883e-07
2.94128e-07
1.19348e-07
3.89885e-07
-5.9123e-08
-4.23618e-07
-7.46243e-08
-9.44036e-08
-6.67647e-08
3.12354e-08
-4.25318e-08
1.47538e-07
-3.80881e-09
2.53858e-07
4.42668e-08
3.42317e-07
1.03233e-07
4.01386e-07
1.63513e-07
4.32876e-07
2.29685e-07
4.18129e-07
2.83765e-07
3.66723e-07
3.258e-07
2.57359e-07
1.05539e-07
3.45353e-07
-4.67268e-08
-3.4911e-07
-5.32033e-08
-8.29666e-08
-4.42144e-08
2.46121e-08
-2.19051e-08
1.26765e-07
1.34402e-08
2.17607e-07
5.64773e-08
2.9898e-07
1.10149e-07
3.43977e-07
1.6254e-07
3.80917e-07
2.21441e-07
3.57691e-07
2.6549e-07
3.27875e-07
2.99679e-07
2.25329e-07
9.31531e-08
3.15798e-07
-4.21252e-08
-2.93797e-07
-3.9955e-08
-7.96346e-08
-2.91046e-08
1.66052e-08
-6.87886e-09
1.04484e-07
3.00767e-08
1.89664e-07
7.06973e-08
2.4839e-07
1.27932e-07
3.05966e-07
1.74578e-07
3.1373e-07
2.376e-07
3.24552e-07
2.72949e-07
2.68239e-07
3.05012e-07
2.00191e-07
8.43251e-08
3.19803e-07
-4.3917e-08
-2.19657e-07
-3.75346e-08
-7.22787e-08
-2.37389e-08
1.05753e-08
4.99494e-09
8.49111e-08
4.93197e-08
1.52078e-07
1.02135e-07
1.99217e-07
1.69501e-07
2.46421e-07
2.30544e-07
2.5001e-07
3.03353e-07
2.66141e-07
3.46888e-07
2.10861e-07
3.80966e-07
1.55958e-07
7.49342e-08
3.98519e-07
-5.44185e-08
-1.06616e-07
-5.26227e-08
-3.35562e-08
-3.20783e-08
1.97643e-08
1.43436e-08
6.64306e-08
8.48022e-08
1.0575e-07
1.70368e-07
1.24997e-07
2.75985e-07
1.63804e-07
3.75779e-07
1.47775e-07
4.88881e-07
1.88313e-07
5.56064e-07
1.01466e-07
6.0761e-07
7.80156e-08
6.41872e-08
6.35974e-07
-9.62247e-08
-1.23001e-07
-9.70149e-08
-2.47871e-08
8.30305e-08
2.14004e-07
3.76172e-07
5.3321e-07
7.12031e-07
8.06776e-07
8.88677e-07
9.56914e-07
8.16894e-07
-2.11158e-07
6.56123e-07
-6.59249e-07
4.53883e-07
-9.5e-07
2.56407e-07
-1.0831e-06
8.31929e-08
-1.0904e-06
-6.11514e-08
-1.00958e-06
-1.78547e-07
-8.68627e-07
-2.73138e-07
-6.85609e-07
-3.51119e-07
-4.67674e-07
-4.17568e-07
-2.11553e-07
-4.73854e-07
1.60772e-07
6.02396e-07
6.82662e-07
-1.68135e-07
5.64499e-07
-5.33297e-07
4.07381e-07
-7.85679e-07
2.47598e-07
-9.12971e-07
1.0208e-07
-9.33885e-07
-2.24629e-08
-8.74918e-07
-1.25375e-07
-7.57408e-07
-2.07303e-07
-5.97705e-07
-2.69383e-07
-4.01303e-07
-3.05883e-07
-1.72163e-07
-2.67182e-07
1.28428e-07
3.36471e-07
5.78931e-07
-1.36301e-07
4.89732e-07
-4.38366e-07
3.6629e-07
-6.56312e-07
2.36257e-07
-7.74576e-07
1.14046e-07
-8.02222e-07
7.20937e-09
-7.59029e-07
-8.24274e-08
-6.61093e-07
-1.52454e-07
-5.21764e-07
-2.01773e-07
-3.48244e-07
-2.22036e-07
-1.48417e-07
-1.79604e-07
8.8265e-08
1.76323e-07
4.97356e-07
-1.11745e-07
4.28695e-07
-3.64183e-07
3.30587e-07
-5.52902e-07
2.24274e-07
-6.61989e-07
1.21398e-07
-6.9175e-07
2.98893e-08
-6.60753e-07
-4.77706e-08
-5.77172e-07
-1.07704e-07
-4.57871e-07
-1.47573e-07
-3.04988e-07
-1.59897e-07
-1.34111e-07
-1.21758e-07
5.4643e-08
5.57778e-08
4.32374e-07
-9.25253e-08
3.78536e-07
-3.06434e-07
2.99579e-07
-4.71943e-07
2.12675e-07
-5.69535e-07
1.25489e-07
-5.98542e-07
4.75724e-08
-5.75368e-07
-2.03285e-08
-5.05302e-07
-7.12915e-08
-4.01258e-07
-1.04858e-07
-2.69552e-07
-1.12671e-07
-1.22515e-07
-8.26456e-08
2.58683e-08
-1.25974e-08
3.79783e-07
-7.69305e-08
3.36718e-07
-2.60075e-07
2.73208e-07
-4.04878e-07
2.01967e-07
-4.96368e-07
1.27663e-07
-5.19035e-07
6.10004e-08
-5.05462e-07
1.80613e-09
-4.4111e-07
-4.22765e-08
-3.55255e-07
-7.08879e-08
-2.37714e-07
-7.6949e-08
-1.14839e-07
-5.32315e-08
6.05259e-09
-6.11161e-08
3.37531e-07
-6.38804e-08
3.02659e-07
-2.22714e-07
2.50582e-07
-3.53235e-07
1.93682e-07
-4.31755e-07
1.28211e-07
-4.53362e-07
7.24528e-08
-4.42371e-07
1.87926e-08
-3.87783e-07
-1.83462e-08
-3.13002e-07
-4.45949e-08
-2.11807e-07
-4.90659e-08
-1.06992e-07
-3.20411e-08
-9.97346e-09
-8.48031e-08
3.0951e-07
-5.25654e-08
2.80091e-07
-1.90862e-07
2.37522e-07
-3.04365e-07
1.90465e-07
-3.85204e-07
1.31412e-07
-3.89217e-07
8.3088e-08
-3.93089e-07
3.33238e-08
-3.33798e-07
7.16143e-10
-2.79134e-07
-2.42889e-08
-1.83791e-07
-2.82628e-08
-1.00361e-07
-1.5022e-08
-1.92803e-08
-9.69333e-08
3.13963e-07
-4.24214e-08
2.86846e-07
-1.62726e-07
2.46062e-07
-2.69316e-07
2.08284e-07
-3.11702e-07
1.43842e-07
-3.52189e-07
1.02175e-07
-3.21875e-07
4.68498e-08
-3.02698e-07
1.84168e-08
-2.30404e-07
-1.07525e-08
-1.701e-07
-1.34462e-08
-8.72436e-08
-3.53571e-09
-3.5453e-08
-9.20792e-08
3.92055e-07
-2.87896e-08
3.59623e-07
-1.34197e-07
3.18526e-07
-2.00934e-07
2.71434e-07
-2.35368e-07
1.98082e-07
-2.81319e-07
1.42646e-07
-2.52387e-07
7.78185e-08
-2.46044e-07
3.90493e-08
-1.82751e-07
3.82567e-09
-1.42262e-07
-2.96101e-09
-7.30879e-08
6.78359e-09
-4.20192e-08
-8.69276e-08
6.25967e-07
-9.84738e-10
5.79029e-07
-7.32512e-08
5.2386e-07
-7.27431e-08
4.54019e-07
-7.93649e-08
3.44234e-07
-1.63513e-07
2.54294e-07
-1.25038e-07
1.53532e-07
-1.58809e-07
8.83645e-08
-9.77979e-08
3.19445e-08
-9.74922e-08
1.56148e-08
-3.60176e-08
1.55009e-08
-3.62419e-08
-7.26444e-08
9.62033e-07
9.04223e-07
8.5236e-07
7.73876e-07
6.19955e-07
4.91021e-07
3.37455e-07
2.36409e-07
1.43763e-07
1.09113e-07
7.26444e-08
-4.56791e-07
-7.28776e-07
-4.07896e-07
-2.19035e-07
-3.48337e-07
1.59776e-07
-2.77111e-07
4.15304e-07
-1.90276e-07
6.31696e-07
-8.25545e-08
8.15245e-07
5.12942e-08
9.60451e-07
2.13072e-07
1.05221e-06
3.99474e-07
1.06565e-06
5.9634e-07
9.68361e-07
7.68577e-07
7.22296e-07
3.19769e-07
-2.54995e-07
-4.60622e-07
-2.97118e-07
-1.76961e-07
-2.66935e-07
1.28365e-07
-2.11285e-07
3.5611e-07
-1.36497e-07
5.49936e-07
-4.20676e-08
7.114e-07
7.40202e-08
8.32971e-07
2.10987e-07
9.03294e-07
3.63973e-07
9.0131e-07
5.18234e-07
8.03309e-07
6.4791e-07
5.90121e-07
2.51701e-07
-1.71634e-07
-3.12037e-07
-2.16093e-07
-1.35497e-07
-2.00104e-07
1.09722e-07
-1.56748e-07
3.0751e-07
-9.26978e-08
4.79799e-07
-1.08009e-08
6.20552e-07
8.95965e-08
7.23443e-07
2.0537e-07
7.76886e-07
3.31322e-07
7.64852e-07
4.54512e-07
6.7199e-07
5.51826e-07
4.81837e-07
2.08736e-07
-1.16318e-07
-1.79149e-07
-1.55852e-07
-9.40768e-08
-1.46812e-07
9.98433e-08
-1.12002e-07
2.70403e-07
-5.73617e-08
4.19072e-07
1.35612e-08
5.42414e-07
9.99871e-08
6.27632e-07
1.97878e-07
6.70788e-07
3.02449e-07
6.53207e-07
4.00913e-07
5.68248e-07
4.77847e-07
4.06914e-07
1.69067e-07
-7.83722e-08
-1.09312e-07
-1.10708e-07
-6.34269e-08
-1.04468e-07
9.28404e-08
-7.63101e-08
2.37015e-07
-2.87193e-08
3.68012e-07
3.20481e-08
4.73175e-07
1.07294e-07
5.46575e-07
1.89698e-07
5.79245e-07
2.77453e-07
5.59292e-07
3.57518e-07
4.83516e-07
4.16631e-07
3.3913e-07
1.45876e-07
-5.10476e-08
-4.0881e-08
-7.60234e-08
-3.56824e-08
-7.13004e-08
8.68406e-08
-4.72548e-08
2.11484e-07
-6.1073e-09
3.20738e-07
4.65909e-08
4.1536e-07
1.11835e-07
4.72911e-07
1.81555e-07
5.0463e-07
2.56127e-07
4.80531e-07
3.20598e-07
4.18098e-07
3.68824e-07
2.95081e-07
1.19719e-07
-3.11103e-08
-8.27503e-09
-4.998e-08
-1.7308e-08
-4.47689e-08
8.20912e-08
-2.48813e-08
1.87142e-07
1.2781e-08
2.82454e-07
5.69936e-08
3.63135e-07
1.16168e-07
4.13347e-07
1.73558e-07
4.38609e-07
2.39515e-07
4.16958e-07
2.91112e-07
3.6244e-07
3.28463e-07
2.51483e-07
1.04686e-07
-1.60234e-08
1.78191e-08
-3.05367e-08
-1.30814e-09
-2.464e-08
7.42147e-08
-7.04826e-09
1.67643e-07
2.82378e-08
2.41443e-07
6.67869e-08
3.21161e-07
1.21713e-07
3.51541e-07
1.7052e-07
3.8887e-07
2.30663e-07
3.55297e-07
2.7198e-07
3.23986e-07
3.02894e-07
2.20405e-07
8.99629e-08
-4.67991e-09
3.39449e-08
-1.84281e-08
8.93269e-09
-9.40961e-09
7.40901e-08
5.79227e-09
1.38587e-07
4.57887e-08
2.20301e-07
7.88093e-08
2.61593e-07
1.4055e-07
3.20405e-07
1.80914e-07
3.1437e-07
2.47477e-07
3.25025e-07
2.79515e-07
2.60443e-07
3.08571e-07
1.92853e-07
7.41838e-08
1.78547e-09
4.44025e-08
-8.08634e-09
2.41404e-08
3.20412e-09
6.52383e-08
2.56342e-08
1.12334e-07
7.17324e-08
1.77205e-07
1.16918e-07
2.05041e-07
1.87887e-07
2.58407e-07
2.42387e-07
2.4589e-07
3.1896e-07
2.67512e-07
3.59166e-07
2.02202e-07
3.87932e-07
1.42352e-07
7.6864e-08
9.00543e-09
6.01525e-08
8.8165e-09
3.74651e-08
3.06436e-08
5.05605e-08
6.98079e-08
6.15869e-08
1.40466e-07
1.09623e-07
2.14974e-07
1.01461e-07
3.231e-07
1.66742e-07
4.13936e-07
1.28176e-07
5.31513e-07
1.94465e-07
5.92347e-07
8.5765e-08
6.36242e-07
5.74728e-08
8.95498e-08
6.3354e-08
1.02974e-07
1.50312e-07
2.13596e-07
3.15387e-07
4.21943e-07
5.80869e-07
7.20694e-07
9.03003e-07
9.77985e-07
1.0464e-06
)
;

boundaryField
{
    rotor
    {
        type            calculated;
        value           uniform 0;
    }
    stator
    {
        type            calculated;
        value           uniform 0;
    }
    front
    {
        type            empty;
        value           nonuniform 0();
    }
    back
    {
        type            empty;
        value           nonuniform 0();
    }
}


// ************************************************************************* //
