/*--------------------------------*- C++ -*----------------------------------*\
  =========                 |
  \\      /  F ield         | OpenFOAM: The Open Source CFD Toolbox
   \\    /   O peration     | Website:  https://openfoam.org
    \\  /    A nd           | Version:  6
     \\/     M anipulation  |
\*---------------------------------------------------------------------------*/
FoamFile
{
    version     2.0;
    format      ascii;
    class       surfaceScalarField;
    location    "1500";
    object      phi;
}
// * * * * * * * * * * * * * * * * * * * * * * * * * * * * * * * * * * * * * //

dimensions      [0 3 -1 0 0 0 0];

internalField   nonuniform List<scalar> 
5952
(
-3.2292e-06
3.24738e-06
-5.1183e-06
1.09951e-06
-5.6741e-06
6.66322e-07
-7.51003e-06
9.58743e-07
-8.21724e-06
8.50637e-07
-9.69639e-06
5.57523e-07
-9.91137e-06
3.61427e-07
-1.09961e-05
1.8378e-07
-1.09305e-05
1.17072e-07
-1.1688e-05
3.78433e-08
-1.12953e-05
3.5834e-08
-7.64097e-09
-1.17431e-05
-3.55726e-06
6.63719e-06
-4.49502e-06
1.85269e-06
-4.47459e-06
6.0438e-07
-3.98293e-06
3.398e-07
-3.39653e-06
2.28255e-07
-3.07742e-06
1.12719e-07
-2.78179e-06
2.52886e-08
-2.69095e-06
-4.01577e-08
-2.52898e-06
-6.15704e-08
-2.50632e-06
-6.71333e-08
-2.39101e-06
-4.61909e-08
-2.69617e-08
-2.40308e-06
-8.66089e-07
7.27096e-06
-6.32139e-07
1.49637e-06
-2.46493e-07
1.84378e-07
1.55833e-07
-1.09179e-07
5.50285e-07
-1.91808e-07
8.48967e-07
-2.28917e-07
1.09445e-06
-2.43104e-07
1.25308e-06
-2.38541e-07
1.3904e-06
-2.11176e-07
1.47014e-06
-1.68431e-07
1.54348e-06
-1.12238e-07
-5.16856e-08
1.56609e-06
-3.4086e-07
7.23203e-06
6.23183e-07
3.99453e-07
1.21563e-06
-4.47633e-07
1.64132e-06
-5.76645e-07
2.00674e-06
-5.80969e-07
2.29725e-06
-5.54832e-07
2.5428e-06
-5.09546e-07
2.72216e-06
-4.4841e-07
2.87006e-06
-3.70711e-07
2.96535e-06
-2.81755e-07
3.03798e-06
-1.84279e-07
-8.30358e-08
3.06598e-06
1.40167e-07
6.42303e-06
1.18852e-06
-8.36754e-07
1.9117e-06
-1.23756e-06
2.41432e-06
-1.13616e-06
2.81914e-06
-1.02172e-06
3.1414e-06
-9.2425e-07
3.41103e-06
-8.07866e-07
3.6142e-06
-6.90822e-07
3.77729e-06
-5.51244e-07
3.8843e-06
-4.16641e-07
3.9616e-06
-2.65723e-07
-1.27224e-07
3.98978e-06
2.10236e-07
5.40157e-06
1.61385e-06
-2.48261e-06
2.4665e-06
-2.2399e-06
3.0775e-06
-1.81582e-06
3.5285e-06
-1.56605e-06
3.90909e-06
-1.3513e-06
4.19253e-06
-1.16633e-06
4.43177e-06
-9.57999e-07
4.59011e-06
-7.6788e-07
4.7206e-06
-5.56442e-07
4.78128e-06
-3.697e-07
-1.64468e-07
4.82635e-06
1.35595e-07
3.62402e-06
1.97728e-06
-4.75008e-06
3.07191e-06
-3.47818e-06
3.77178e-06
-2.65839e-06
4.3171e-06
-2.18937e-06
4.71453e-06
-1.85566e-06
5.04462e-06
-1.54625e-06
5.2691e-06
-1.26367e-06
5.45575e-06
-9.78864e-07
5.55815e-06
-7.18965e-07
5.64149e-06
-4.57753e-07
-2.18244e-07
5.65747e-06
2.61897e-07
2.83124e-06
2.4358e-06
-7.16179e-06
3.75141e-06
-4.93212e-06
4.59461e-06
-3.60668e-06
5.19392e-06
-2.88101e-06
5.63223e-06
-2.36965e-06
5.95527e-06
-1.93801e-06
6.18849e-06
-1.54808e-06
6.3515e-06
-1.18962e-06
6.45609e-06
-8.59e-07
6.51716e-06
-5.49694e-07
-2.57264e-07
6.54023e-06
3.345e-07
1.36205e-06
2.95533e-06
-1.00239e-05
4.57667e-06
-6.65956e-06
5.55708e-06
-4.6705e-06
6.20142e-06
-3.59748e-06
6.64061e-06
-2.8752e-06
6.94535e-06
-2.29754e-06
7.15442e-06
-1.80516e-06
7.29284e-06
-1.37004e-06
7.37809e-06
-9.8159e-07
7.42366e-06
-6.25672e-07
-2.94708e-07
7.43984e-06
1.00585e-06
5.23343e-07
3.88428e-06
-1.29097e-05
5.68528e-06
-8.50423e-06
6.72352e-06
-5.74525e-06
7.34639e-06
-4.26626e-06
7.74053e-06
-3.30681e-06
7.99215e-06
-2.58758e-06
8.1568e-06
-2.00104e-06
8.25672e-06
-1.50494e-06
8.31509e-06
-1.06936e-06
8.34024e-06
-6.81479e-07
-3.20475e-07
8.34982e-06
3.47145e-06
-2.69342e-06
5.78693e-06
-1.51117e-05
7.29937e-06
-9.99759e-06
8.15642e-06
-6.61305e-06
8.63436e-06
-4.76701e-06
8.91017e-06
-3.60815e-06
9.07462e-06
-2.77788e-06
9.17279e-06
-2.12611e-06
9.227e-06
-1.58717e-06
9.24994e-06
-1.12378e-06
9.25548e-06
-7.14207e-07
-3.37876e-07
9.25539e-06
9.80966e-06
-1.22707e-05
9.48686e-06
-1.45799e-05
9.64625e-06
-1.00654e-05
9.87607e-06
-6.81328e-06
1.00282e-05
-4.90661e-06
1.01136e-05
-3.69554e-06
1.01618e-05
-2.8307e-06
1.01833e-05
-2.15955e-06
1.0186e-05
-1.60697e-06
1.01731e-05
-1.13592e-06
1.01571e-05
-7.20162e-07
1.01478e-05
-3.42473e-07
-1.11946e-05
3.35228e-09
-1.13646e-05
-3.00066e-08
-1.06405e-05
-2.66744e-08
-1.05864e-05
-7.58036e-08
-9.79097e-06
-1.13001e-07
-9.4989e-06
-2.27754e-07
-8.58174e-06
-3.66041e-07
-7.76061e-06
-5.36684e-07
-6.87911e-06
-4.98033e-07
-5.95739e-06
-5.91631e-07
-3.33297e-06
-2.1127e-06
-3.19795e-06
-2.33088e-06
5.18458e-09
-2.36642e-06
2.74768e-08
-2.33174e-06
5.11515e-08
-2.40403e-06
5.40956e-08
-2.44755e-06
4.44367e-08
-2.61405e-06
2.41537e-09
-2.8211e-06
-6.19195e-08
-3.12122e-06
-1.53075e-07
-3.24407e-06
-2.76798e-07
-3.08595e-06
-6.26814e-07
-3.07486e-06
-1.89274e-06
-6.20969e-06
1.58335e-06
1.30549e-08
1.5564e-06
7.39059e-08
1.51926e-06
1.29577e-07
1.43327e-06
1.73595e-07
1.32003e-06
2.04029e-07
1.14599e-06
2.16097e-07
9.17833e-07
2.07995e-07
6.31664e-07
1.76485e-07
3.08143e-07
8.66728e-08
-3.05453e-08
-2.17515e-07
-2.7478e-07
-1.54424e-06
-6.48093e-06
3.07357e-06
1.85703e-08
3.03998e-06
1.17893e-07
2.98452e-06
2.12223e-07
2.88256e-06
2.98027e-07
2.74758e-06
3.74836e-07
2.55581e-06
4.36725e-07
2.31547e-06
4.84845e-07
2.00901e-06
5.11113e-07
1.62877e-06
4.9985e-07
1.06561e-06
3.56846e-07
4.238e-08
-5.22303e-07
-6.28054e-06
3.99379e-06
2.33049e-08
3.95308e-06
1.59091e-07
3.88513e-06
3.02758e-07
3.77063e-06
4.33923e-07
3.61365e-06
5.66728e-07
3.3999e-06
6.87575e-07
3.12056e-06
8.01699e-07
2.76076e-06
9.02375e-07
2.28228e-06
1.00668e-06
1.53143e-06
1.13655e-06
2.35411e-07
1.05374e-06
-5.87766e-06
4.81006e-06
1.61801e-08
4.77995e-06
2.1553e-07
4.69412e-06
3.97062e-07
4.58057e-06
5.96016e-07
4.40419e-06
7.84304e-07
4.17322e-06
9.85393e-07
3.85276e-06
1.1746e-06
3.44563e-06
1.38297e-06
2.90692e-06
1.64206e-06
2.13353e-06
2.06086e-06
9.0053e-07
2.46456e-06
-4.33041e-06
5.6634e-06
2.81066e-08
5.61163e-06
2.62254e-07
5.5456e-06
5.13325e-07
5.41752e-06
7.61665e-07
5.25267e-06
1.03524e-06
4.99789e-06
1.30865e-06
4.66959e-06
1.61279e-06
4.22886e-06
1.93588e-06
3.61535e-06
2.33037e-06
2.72463e-06
3.05757e-06
1.69605e-06
4.12014e-06
-2.56056e-06
6.5334e-06
2.77791e-08
6.49893e-06
3.15374e-07
6.42954e-06
6.10994e-07
6.32648e-06
9.29207e-07
6.15872e-06
1.26568e-06
5.927e-06
1.63922e-06
5.58469e-06
2.03768e-06
5.10028e-06
2.49377e-06
4.45432e-06
3.11857e-06
3.47505e-06
4.15416e-06
1.98862e-06
5.61655e-06
-1.19098e-08
7.43527e-06
2.82448e-08
7.40818e-06
3.53533e-07
7.35954e-06
6.95893e-07
7.27302e-06
1.06529e-06
7.13806e-06
1.47036e-06
6.92292e-06
1.92328e-06
6.60264e-06
2.43715e-06
6.14487e-06
3.0501e-06
5.41864e-06
3.83726e-06
4.32779e-06
5.31294e-06
2.81398e-06
7.52466e-06
2.52128e-06
8.34708e-06
2.70713e-08
8.33405e-06
3.80963e-07
8.30785e-06
7.57558e-07
8.25108e-06
1.16543e-06
8.15582e-06
1.62467e-06
7.9878e-06
2.14277e-06
7.7242e-06
2.75296e-06
7.28971e-06
3.5035e-06
6.64935e-06
4.57991e-06
5.56099e-06
6.39452e-06
3.73023e-06
9.1324e-06
6.39715e-06
9.25711e-06
2.38203e-08
9.26059e-06
3.94584e-07
9.25765e-06
7.91462e-07
9.23955e-06
1.22553e-06
9.18968e-06
1.71511e-06
9.09076e-06
2.27726e-06
8.91773e-06
2.95977e-06
8.63021e-06
3.83005e-06
8.10583e-06
5.04464e-06
7.30679e-06
7.20475e-06
5.66728e-06
1.07903e-05
1.15749e-05
1.0155e-05
1.8091e-08
1.01751e-05
3.9336e-07
1.01967e-05
7.95596e-07
1.02162e-05
1.24027e-06
1.02174e-05
1.73497e-06
1.0203e-05
2.31187e-06
1.0156e-05
3.00568e-06
1.00587e-05
3.90999e-06
9.90203e-06
5.23191e-06
9.60384e-06
7.38686e-06
8.72833e-06
1.13628e-05
2.03896e-05
-1.25368e-05
3.3055e-07
-1.23078e-05
-1.19045e-06
-1.13237e-05
-4.49229e-07
-1.23277e-05
2.32264e-07
-1.22166e-05
3.70013e-07
-1.30986e-05
2.03498e-07
-1.27045e-05
7.8894e-08
-1.32419e-05
-5.59537e-08
-1.2669e-05
-8.64135e-08
-1.30249e-05
-1.41286e-07
-1.23852e-05
-1.32767e-07
-1.71527e-07
-1.26117e-05
-2.17824e-06
2.16748e-06
-4.07583e-06
4.39239e-07
-4.48734e-06
-2.36783e-08
-4.29487e-06
-6.73382e-08
-3.80352e-06
-9.23464e-08
-3.5174e-06
-1.64028e-07
-3.17949e-06
-2.22867e-07
-3.03208e-06
-2.68075e-07
-2.79931e-06
-2.74342e-07
-2.71916e-06
-2.67388e-07
-2.55756e-06
-2.39757e-07
-2.16938e-07
-2.53772e-06
-8.84534e-07
2.92555e-06
-7.26479e-07
1.86004e-07
-3.93353e-07
-3.51869e-07
-4.38086e-08
-4.44643e-07
3.39432e-07
-4.64972e-07
6.37036e-07
-4.79613e-07
9.06998e-07
-4.79882e-07
1.09089e-06
-4.64957e-07
1.26057e-06
-4.28754e-07
1.36452e-06
-3.7925e-07
1.46171e-06
-3.18311e-07
-2.54504e-07
1.49829e-06
-3.14768e-07
2.94945e-06
4.77921e-07
-6.81168e-07
1.04114e-06
-9.19168e-07
1.45833e-06
-8.76713e-07
1.83126e-06
-8.18066e-07
2.13364e-06
-7.87927e-07
2.40194e-06
-7.24223e-07
2.60198e-06
-6.69465e-07
2.77338e-06
-5.76685e-07
2.88558e-06
-4.95689e-07
2.97572e-06
-3.84748e-07
-2.93186e-07
3.01236e-06
5.41812e-09
2.63631e-06
1.05437e-06
-1.84941e-06
1.72145e-06
-1.67256e-06
2.2484e-06
-1.38467e-06
2.62879e-06
-1.2597e-06
3.00464e-06
-1.11148e-06
3.26204e-06
-1.0247e-06
3.5209e-06
-8.70779e-07
3.67026e-06
-7.64414e-07
3.82796e-06
-5.95658e-07
3.8854e-06
-4.79002e-07
-3.05138e-07
3.95777e-06
2.71208e-08
1.24413e-06
1.41789e-06
-3.61125e-06
2.31448e-06
-2.65392e-06
2.86173e-06
-2.09117e-06
3.38983e-06
-1.75335e-06
3.72608e-06
-1.56185e-06
4.0927e-06
-1.33272e-06
4.29161e-06
-1.15964e-06
4.5296e-06
-9.32346e-07
4.61631e-06
-7.59271e-07
4.75349e-06
-5.35177e-07
-3.65521e-07
4.74978e-06
3.93568e-07
3.58996e-07
1.87684e-06
-5.3835e-06
2.90258e-06
-3.80585e-06
3.61415e-06
-2.89136e-06
4.13748e-06
-2.40104e-06
4.5802e-06
-2.03849e-06
4.90132e-06
-1.73433e-06
5.17239e-06
-1.43568e-06
5.34891e-06
-1.16246e-06
5.4978e-06
-8.90303e-07
5.57087e-06
-6.39763e-07
-3.84798e-07
5.62635e-06
3.50844e-07
-9.6312e-07
2.34195e-06
-7.50454e-06
3.57425e-06
-5.23889e-06
4.42604e-06
-3.82862e-06
5.03498e-06
-3.08079e-06
5.49003e-06
-2.55778e-06
5.82792e-06
-2.11929e-06
6.07959e-06
-1.72339e-06
6.25712e-06
-1.3637e-06
6.38447e-06
-1.02916e-06
6.46228e-06
-7.1716e-07
-4.17141e-07
6.50261e-06
2.99244e-07
-9.77718e-07
2.76786e-06
-1.01029e-05
4.40765e-06
-6.84029e-06
5.38698e-06
-4.87859e-06
6.04703e-06
-3.79802e-06
6.50333e-06
-3.06548e-06
6.82366e-06
-2.48046e-06
7.04718e-06
-1.97972e-06
7.20251e-06
-1.54069e-06
7.30922e-06
-1.14452e-06
7.37588e-06
-7.83211e-07
-4.39742e-07
7.41133e-06
5.28566e-07
-1.42734e-06
3.61948e-06
-1.30484e-05
5.45513e-06
-8.78099e-06
6.54455e-06
-5.96553e-06
7.19689e-06
-4.47353e-06
7.609e-06
-3.50609e-06
7.87797e-06
-2.77405e-06
8.05358e-06
-2.17961e-06
8.17349e-06
-1.6717e-06
8.25125e-06
-1.22918e-06
8.30309e-06
-8.27291e-07
-4.52649e-07
8.33172e-06
2.90938e-06
-3.73392e-06
5.41807e-06
-1.54618e-05
7.0721e-06
-1.02759e-05
7.97596e-06
-6.86971e-06
8.48894e-06
-4.99778e-06
8.78858e-06
-3.82048e-06
8.96729e-06
-2.97471e-06
9.07917e-06
-2.30914e-06
9.14976e-06
-1.75677e-06
9.19688e-06
-1.28021e-06
9.2285e-06
-8.53659e-07
-4.58132e-07
9.25109e-06
9.35169e-06
-1.29862e-05
9.20605e-06
-1.50874e-05
9.41175e-06
-1.04912e-05
9.70532e-06
-7.10987e-06
9.89423e-06
-5.15923e-06
1.00032e-05
-3.92236e-06
1.00649e-05
-3.03878e-06
1.00996e-05
-2.34921e-06
1.01183e-05
-1.78143e-06
1.01315e-05
-1.29149e-06
1.01426e-05
-8.56174e-07
1.01586e-05
-4.52441e-07
-1.19344e-05
-1.5458e-07
-1.20741e-05
-1.79029e-07
-1.13956e-05
-1.68268e-07
-1.14758e-05
-2.15412e-07
-1.07905e-05
-2.46582e-07
-1.07048e-05
-3.58185e-07
-9.92088e-06
-4.91263e-07
-9.27793e-06
-6.71334e-07
-8.37619e-06
-6.80806e-07
-7.25532e-06
-8.89771e-07
-4.24886e-06
-2.64602e-06
-4.15259e-06
-2.44387e-06
-1.83853e-07
-2.47445e-06
-1.5804e-07
-2.44321e-06
-1.31616e-07
-2.54008e-06
-1.25313e-07
-2.60305e-06
-1.32199e-07
-2.80313e-06
-1.69859e-07
-3.03339e-06
-2.33642e-07
-3.36704e-06
-3.31731e-07
-3.50967e-06
-4.88995e-07
-3.37586e-06
-9.36784e-07
-3.36011e-06
-2.48339e-06
-7.45463e-06
1.52626e-06
-1.88263e-07
1.49896e-06
-1.25546e-07
1.46297e-06
-6.67628e-08
1.36362e-06
-2.04425e-08
1.24089e-06
1.53643e-08
1.04266e-06
3.07307e-08
7.94157e-07
2.70177e-08
4.73892e-07
-6.70044e-09
1.25101e-07
-1.19165e-07
-2.28967e-07
-5.16472e-07
-4.03494e-07
-2.19726e-06
-7.80253e-06
3.02889e-06
-1.78841e-07
2.99686e-06
-8.80327e-08
2.94082e-06
1.78374e-08
2.83325e-06
9.94353e-08
2.68685e-06
1.88514e-07
2.47851e-06
2.48936e-07
2.21983e-06
3.13058e-07
1.89e-06
3.32959e-07
1.50101e-06
3.12322e-07
9.46194e-07
7.37573e-08
2.2161e-08
-1.18565e-06
-7.49664e-06
3.93645e-06
-1.86528e-07
3.92923e-06
-1.70976e-08
3.83556e-06
1.00652e-07
3.742e-06
2.62853e-07
3.55213e-06
3.76646e-07
3.35177e-06
5.31281e-07
3.02672e-06
6.28733e-07
2.67207e-06
7.60483e-07
2.16424e-06
8.40519e-07
1.40752e-06
8.98099e-07
1.45715e-07
5.67631e-07
-7.04712e-06
4.79887e-06
-1.46383e-07
4.72006e-06
2.3247e-08
4.68726e-06
2.41066e-07
4.52561e-06
4.17374e-07
4.38927e-06
6.41183e-07
4.10299e-06
8.23304e-07
3.80745e-06
1.05083e-06
3.35083e-06
1.24265e-06
2.80192e-06
1.50758e-06
2.05157e-06
1.92494e-06
7.7554e-07
2.13511e-06
-5.04519e-06
5.61655e-06
-1.44619e-07
5.59462e-06
1.08934e-07
5.51162e-06
3.56599e-07
5.40459e-06
6.27906e-07
5.21518e-06
8.97744e-07
4.9735e-06
1.19665e-06
4.60755e-06
1.49262e-06
4.15905e-06
1.84212e-06
3.56589e-06
2.26317e-06
2.60664e-06
2.91997e-06
1.95119e-06
4.09385e-06
-2.88557e-06
6.50665e-06
-1.22374e-07
6.47834e-06
1.75206e-07
6.41934e-06
4.88412e-07
6.3095e-06
8.15117e-07
6.14768e-06
1.1716e-06
5.89422e-06
1.54803e-06
5.55232e-06
1.96955e-06
5.06584e-06
2.43632e-06
4.36458e-06
3.04829e-06
3.52132e-06
4.18862e-06
2.0215e-06
5.51128e-06
1.61084e-07
7.41789e-06
-1.04483e-07
7.40385e-06
2.38911e-07
7.3571e-06
5.98859e-07
7.27428e-06
9.84992e-07
7.12961e-06
1.40639e-06
6.91123e-06
1.87101e-06
6.5807e-06
2.39874e-06
6.10358e-06
3.02366e-06
5.42781e-06
3.8593e-06
4.22252e-06
5.23777e-06
2.96101e-06
7.67572e-06
2.68764e-06
8.34472e-06
-8.61933e-08
8.34413e-06
2.89549e-07
8.31902e-06
6.84692e-07
8.26559e-06
1.11587e-06
8.15686e-06
1.58657e-06
7.98737e-06
2.12554e-06
7.71234e-06
2.74819e-06
7.28758e-06
3.51555e-06
6.58186e-06
4.56985e-06
5.60105e-06
6.50073e-06
3.59602e-06
9.10124e-06
6.44703e-06
9.27054e-06
-7.28549e-08
9.28391e-06
3.23181e-07
9.28546e-06
7.42037e-07
9.26217e-06
1.19823e-06
9.20568e-06
1.70309e-06
9.09921e-06
2.28519e-06
8.9177e-06
2.97758e-06
8.6118e-06
3.86697e-06
8.11203e-06
5.1162e-06
7.174e-06
7.17572e-06
5.57051e-06
1.08757e-05
1.16285e-05
1.01845e-05
-6.34651e-08
1.02123e-05
3.37709e-07
1.02385e-05
7.6707e-07
1.02486e-05
1.22875e-06
1.0246e-05
1.74582e-06
1.02175e-05
2.33558e-06
1.01676e-05
3.05236e-06
1.00605e-05
3.968e-06
9.83786e-06
5.28067e-06
9.51649e-06
7.50301e-06
8.55148e-06
1.14279e-05
2.0022e-05
-3.31229e-06
3.33778e-06
-5.29297e-06
1.16442e-06
-5.88241e-06
7.14594e-07
-7.77159e-06
9.86619e-07
-8.48547e-06
8.70817e-07
-1.00025e-05
5.73645e-07
-1.02257e-05
3.78012e-07
-1.13393e-05
1.9384e-07
-1.12703e-05
1.19561e-07
-1.20458e-05
3.60214e-08
-1.16428e-05
3.54487e-08
-6.11386e-09
-1.21054e-05
-3.61111e-06
6.78252e-06
-4.56472e-06
1.93011e-06
-4.53509e-06
6.45297e-07
-4.04471e-06
3.66561e-07
-3.45726e-06
2.485e-07
-3.14045e-06
1.28805e-07
-2.84186e-06
3.90785e-08
-2.7552e-06
-2.87873e-08
-2.59873e-06
-5.34546e-08
-2.58372e-06
-6.31738e-08
-2.46994e-06
-4.41969e-08
-2.53527e-08
-2.48337e-06
-9.04104e-07
7.45825e-06
-6.76536e-07
1.58088e-06
-2.87639e-07
2.23564e-07
1.17759e-07
-8.51362e-08
5.14867e-07
-1.73674e-07
8.14533e-07
-2.13845e-07
1.06105e-06
-2.30186e-07
1.21971e-06
-2.27557e-07
1.35643e-06
-2.02514e-07
1.43358e-06
-1.62142e-07
1.50464e-06
-1.07795e-07
-4.86784e-08
1.52576e-06
-3.8313e-07
7.47518e-06
5.78994e-07
4.87768e-07
1.17754e-06
-4.12459e-07
1.60655e-06
-5.55589e-07
1.97448e-06
-5.64401e-07
2.26579e-06
-5.40561e-07
2.51212e-06
-4.96948e-07
2.69114e-06
-4.3746e-07
2.83863e-06
-3.61465e-07
2.9323e-06
-2.74263e-07
3.0037e-06
-1.78539e-07
-7.90212e-08
3.03038e-06
7.78139e-08
6.75454e-06
1.14364e-06
-7.61044e-07
1.87365e-06
-1.20677e-06
2.37919e-06
-1.11729e-06
2.78588e-06
-1.00586e-06
3.10868e-06
-9.10442e-07
3.37871e-06
-7.95028e-07
3.58134e-06
-6.79797e-07
3.7439e-06
-5.41194e-07
3.8494e-06
-4.08524e-07
3.92569e-06
-2.58729e-07
-1.22495e-07
3.95242e-06
1.58535e-07
5.81267e-06
1.57029e-06
-2.40551e-06
2.42742e-06
-2.21137e-06
3.04173e-06
-1.79667e-06
3.493e-06
-1.5505e-06
3.87491e-06
-1.33639e-06
4.1574e-06
-1.15353e-06
4.39717e-06
-9.45796e-07
4.55363e-06
-7.57877e-07
4.68387e-06
-5.47018e-07
4.74209e-06
-3.62657e-07
-1.58531e-07
4.78682e-06
7.70376e-08
4.15193e-06
1.93116e-06
-4.67443e-06
3.03281e-06
-3.44956e-06
3.73368e-06
-2.63908e-06
4.28087e-06
-2.17201e-06
4.6776e-06
-1.84036e-06
5.00857e-06
-1.53198e-06
5.23158e-06
-1.25147e-06
5.41822e-06
-9.67809e-07
5.51832e-06
-7.09787e-07
5.60088e-06
-4.49895e-07
-2.12669e-07
5.61454e-06
2.14839e-07
3.43137e-06
2.39459e-06
-7.08199e-06
3.7119e-06
-4.90123e-06
4.55596e-06
-3.58517e-06
5.15576e-06
-2.86258e-06
5.59431e-06
-2.35306e-06
5.91721e-06
-1.92313e-06
6.14985e-06
-1.53507e-06
6.31193e-06
-1.17835e-06
6.41475e-06
-8.49463e-07
6.47412e-06
-5.41753e-07
-2.51378e-07
6.49526e-06
3.06898e-07
2.04718e-06
2.91961e-06
-9.92267e-06
4.53804e-06
-6.62168e-06
5.51774e-06
-4.64608e-06
6.16215e-06
-3.57755e-06
6.60144e-06
-2.85772e-06
6.90608e-06
-2.282e-06
7.11474e-06
-1.79165e-06
7.25199e-06
-1.35835e-06
7.33543e-06
-9.71726e-07
7.37891e-06
-6.17257e-07
-2.88435e-07
7.39314e-06
1.00141e-06
1.2248e-06
3.85523e-06
-1.27771e-05
5.64843e-06
-8.45575e-06
6.68432e-06
-5.71674e-06
7.30652e-06
-4.24453e-06
7.70062e-06
-3.28832e-06
7.9522e-06
-2.57148e-06
8.11661e-06
-1.98689e-06
8.21509e-06
-1.49281e-06
8.27163e-06
-1.05867e-06
8.294e-06
-6.72684e-07
-3.13391e-07
8.30182e-06
3.49344e-06
-1.99372e-06
5.76265e-06
-1.49303e-05
7.26309e-06
-9.9357e-06
8.11667e-06
-6.57998e-06
8.59385e-06
-4.74346e-06
8.86961e-06
-3.58881e-06
9.03425e-06
-2.76115e-06
9.13209e-06
-2.11146e-06
9.18513e-06
-1.57421e-06
9.20567e-06
-1.11227e-06
9.2084e-06
-7.04503e-07
-3.29896e-07
9.20622e-06
9.78906e-06
-1.15575e-05
9.44503e-06
-1.43821e-05
9.60278e-06
-1.00027e-05
9.83325e-06
-6.78042e-06
9.98608e-06
-4.88306e-06
1.00721e-05
-3.67594e-06
1.01208e-05
-2.81358e-06
1.01422e-05
-2.14434e-06
1.01439e-05
-1.59314e-06
1.01283e-05
-1.1236e-06
1.01095e-05
-7.0954e-07
1.00978e-05
-3.33985e-07
-1.15428e-05
3.63141e-09
-1.17158e-05
-3.60211e-08
-1.09657e-05
-3.2408e-08
-1.09208e-05
-7.7176e-08
-1.01107e-05
-1.12189e-07
-9.82292e-06
-2.32828e-07
-8.88652e-06
-3.74315e-07
-8.05494e-06
-5.51092e-07
-7.14002e-06
-5.24832e-07
-6.16839e-06
-6.34576e-07
-3.45577e-06
-2.18935e-06
-3.31887e-06
-2.40991e-06
6.08034e-09
-2.44973e-06
2.55437e-08
-2.41389e-06
4.68113e-08
-2.48325e-06
4.95809e-08
-2.51928e-06
4.00304e-08
-2.68405e-06
-4.90539e-09
-2.88792e-06
-7.28831e-08
-3.18812e-06
-1.68778e-07
-3.31404e-06
-2.99782e-07
-3.1597e-06
-6.63605e-07
-3.14961e-06
-1.96555e-06
-6.40349e-06
1.54303e-06
1.43636e-08
1.51506e-06
7.31775e-08
1.47704e-06
1.26901e-07
1.39091e-06
1.69368e-07
1.27967e-06
1.98085e-07
1.10615e-06
2.07831e-07
8.77583e-07
1.97013e-07
5.89194e-07
1.61953e-07
2.62241e-07
6.67074e-08
-8.02806e-08
-2.50394e-07
-3.10032e-07
-1.62703e-06
-6.70718e-06
3.03752e-06
2.07182e-08
3.00308e-06
1.1811e-07
2.94729e-06
2.10456e-07
2.84483e-06
2.9433e-07
2.71006e-06
3.69114e-07
2.5177e-06
4.2872e-07
2.27662e-06
4.74088e-07
1.96904e-06
4.97029e-07
1.58818e-06
4.79799e-07
1.03e-06
3.20712e-07
2.76545e-08
-6.22126e-07
-6.52851e-06
3.95582e-06
2.65594e-08
3.91417e-06
1.59957e-07
3.84603e-06
3.02017e-07
3.73084e-06
4.30747e-07
3.57352e-06
5.61838e-07
3.3586e-06
6.80053e-07
3.07822e-06
7.9198e-07
2.71632e-06
8.89118e-07
2.23667e-06
9.87921e-07
1.48346e-06
1.10177e-06
1.59505e-07
9.69391e-07
-6.21112e-06
4.76864e-06
1.93485e-08
4.73874e-06
2.17317e-07
4.65156e-06
3.9612e-07
4.53822e-06
5.93573e-07
4.36024e-06
7.79109e-07
4.12884e-06
9.78409e-07
3.80611e-06
1.16445e-06
3.39759e-06
1.36985e-06
2.85512e-06
1.62184e-06
2.0762e-06
2.02542e-06
8.34188e-07
2.37876e-06
-4.76513e-06
5.62013e-06
3.17425e-08
5.56695e-06
2.63377e-07
5.50113e-06
5.12511e-07
5.37175e-06
7.58401e-07
5.20643e-06
1.02987e-06
4.94961e-06
1.30059e-06
4.61955e-06
1.60178e-06
4.17486e-06
1.92059e-06
3.55891e-06
2.31027e-06
2.66146e-06
3.02164e-06
1.58141e-06
4.0524e-06
-3.11617e-06
6.48745e-06
3.14469e-08
6.45214e-06
3.16591e-07
6.38255e-06
6.10096e-07
6.27862e-06
9.25975e-07
6.10988e-06
1.26024e-06
5.87584e-06
1.63094e-06
5.53064e-06
2.02634e-06
5.04369e-06
2.47854e-06
4.39309e-06
3.09449e-06
3.41262e-06
4.11368e-06
1.9365e-06
5.53421e-06
-6.55249e-07
7.38733e-06
3.24635e-08
7.35958e-06
3.55272e-07
7.31052e-06
6.95639e-07
7.22329e-06
1.06281e-06
7.08679e-06
1.4658e-06
6.86909e-06
1.91607e-06
6.54545e-06
2.42674e-06
6.08285e-06
3.03415e-06
5.35644e-06
3.81394e-06
4.26785e-06
5.26278e-06
2.7631e-06
7.40449e-06
1.82996e-06
8.29756e-06
3.19556e-08
8.28419e-06
3.83889e-07
8.25737e-06
7.58401e-07
8.20009e-06
1.16462e-06
8.10276e-06
1.62187e-06
7.93176e-06
2.13806e-06
7.66335e-06
2.74534e-06
7.22449e-06
3.49096e-06
6.57858e-06
4.55399e-06
5.49252e-06
6.33983e-06
3.68844e-06
8.98846e-06
5.6333e-06
9.20669e-06
2.94755e-08
9.20974e-06
3.98473e-07
9.20654e-06
7.93479e-07
9.1877e-06
1.22635e-06
9.13575e-06
1.71465e-06
9.03313e-06
2.27594e-06
8.854e-06
2.95649e-06
8.55732e-06
3.82321e-06
8.02403e-06
5.02945e-06
7.21503e-06
7.15418e-06
5.5832e-06
1.0621e-05
1.07397e-05
1.0104e-05
2.49495e-08
1.01236e-05
3.98421e-07
1.01455e-05
7.99356e-07
1.01643e-05
1.24309e-06
1.01635e-05
1.7378e-06
1.01446e-05
2.31489e-06
1.00904e-05
3.00955e-06
9.98187e-06
3.91395e-06
9.80585e-06
5.23092e-06
9.48015e-06
7.36678e-06
8.57042e-06
1.12357e-05
1.93688e-05
-3.33927e-06
3.30367e-06
-5.20191e-06
1.11859e-06
-5.75264e-06
6.87031e-07
-7.45634e-06
9.754e-07
-8.08664e-06
8.63726e-07
-9.31598e-06
5.75942e-07
-9.37881e-06
3.6992e-07
-1.01417e-05
1.82651e-07
-9.87988e-06
1.03804e-07
-1.04003e-05
2.03501e-08
-9.99571e-06
7.79255e-09
-3.62005e-08
-1.03658e-05
-3.607e-06
6.75935e-06
-4.55927e-06
1.9003e-06
-4.52529e-06
6.2261e-07
-3.99586e-06
3.51532e-07
-3.37854e-06
2.34947e-07
-3.00295e-06
1.19028e-07
-2.65842e-06
2.77709e-08
-2.50179e-06
-4.17296e-08
-2.30656e-06
-7.49194e-08
-2.24644e-06
-9.07681e-08
-2.12666e-06
-8.14677e-08
-6.93045e-08
-2.12587e-06
-9.12672e-07
7.57264e-06
-6.68702e-07
1.57822e-06
-2.67939e-07
2.08681e-07
1.50336e-07
-1.00519e-07
5.66645e-07
-1.88123e-07
8.88153e-07
-2.30292e-07
1.16153e-06
-2.48553e-07
1.34745e-06
-2.50328e-07
1.50579e-06
-2.3139e-07
1.5975e-06
-1.98826e-07
1.67611e-06
-1.52616e-07
-1.01382e-07
1.69989e-06
-4.03778e-07
7.68309e-06
5.87067e-07
5.04338e-07
1.18694e-06
-4.17342e-07
1.63054e-06
-5.67398e-07
2.01112e-06
-5.70875e-07
2.32204e-06
-5.58297e-07
2.58746e-06
-5.10295e-07
2.78679e-06
-4.64671e-07
2.94925e-06
-3.87183e-07
3.05448e-06
-3.1668e-07
3.1324e-06
-2.20295e-07
-1.38026e-07
3.16067e-06
9.86436e-08
7.24577e-06
1.15988e-06
-6.8635e-07
1.8724e-06
-1.21262e-06
2.409e-06
-1.10797e-06
2.80134e-06
-1.02578e-06
3.16897e-06
-9.01927e-07
3.42894e-06
-8.18904e-07
3.67616e-06
-6.80136e-07
3.82432e-06
-5.78358e-07
3.96884e-06
-4.24853e-07
4.02291e-06
-3.1369e-07
-1.54284e-07
4.08193e-06
2.94568e-08
6.01682e-06
1.52947e-06
-2.5107e-06
2.45712e-06
-2.23291e-06
3.03057e-06
-1.82232e-06
3.54717e-06
-1.53426e-06
3.89016e-06
-1.35163e-06
4.24009e-06
-1.13708e-06
4.44112e-06
-9.67412e-07
4.66299e-06
-7.53736e-07
4.75006e-06
-5.85467e-07
4.87158e-06
-3.74741e-07
-2.10214e-07
4.86735e-06
1.92162e-07
5.27607e-06
1.96802e-06
-4.57332e-06
3.05123e-06
-3.43997e-06
3.77284e-06
-2.63798e-06
4.2976e-06
-2.17774e-06
4.73069e-06
-1.82869e-06
5.04607e-06
-1.53215e-06
5.30645e-06
-1.24331e-06
5.47714e-06
-9.78572e-07
5.61616e-06
-7.16662e-07
5.68352e-06
-4.74658e-07
-2.29536e-07
5.72973e-06
5.10043e-08
4.06989e-06
2.42294e-06
-7.11827e-06
3.72887e-06
-4.9476e-06
4.58719e-06
-3.59038e-06
5.19006e-06
-2.85813e-06
5.63496e-06
-2.34346e-06
5.9633e-06
-1.91318e-06
6.20533e-06
-1.52696e-06
6.37511e-06
-1.17712e-06
6.49426e-06
-8.52843e-07
6.56509e-06
-5.5035e-07
-2.59705e-07
6.59804e-06
4.05143e-07
3.6853e-06
2.94636e-06
-9.84268e-06
4.58993e-06
-6.58975e-06
5.55667e-06
-4.64385e-06
6.20025e-06
-3.57147e-06
6.64174e-06
-2.84688e-06
6.95005e-06
-2.27114e-06
7.16375e-06
-1.78142e-06
7.31103e-06
-1.35297e-06
7.41013e-06
-9.67766e-07
7.46989e-06
-6.1596e-07
-2.8216e-07
7.49839e-06
1.08034e-06
2.44554e-06
3.93817e-06
-1.26438e-05
5.68533e-06
-8.46902e-06
6.72552e-06
-5.7067e-06
7.34744e-06
-4.23508e-06
7.74011e-06
-3.28087e-06
7.99489e-06
-2.56212e-06
8.16102e-06
-1.97999e-06
8.27254e-06
-1.48433e-06
8.34371e-06
-1.05245e-06
8.38842e-06
-6.6065e-07
-2.95332e-07
8.41066e-06
3.71179e-06
-8.48647e-07
5.82435e-06
-1.47358e-05
7.32357e-06
-9.85642e-06
8.15773e-06
-6.56699e-06
8.63247e-06
-4.74026e-06
8.90958e-06
-3.58782e-06
9.07438e-06
-2.76069e-06
9.17692e-06
-2.10998e-06
9.24031e-06
-1.57089e-06
9.28117e-06
-1.10499e-06
9.30628e-06
-6.88545e-07
-3.02379e-07
9.32222e-06
9.92995e-06
-1.07513e-05
9.54034e-06
-1.41823e-05
9.63749e-06
-9.99396e-06
9.86926e-06
-6.77396e-06
1.0023e-05
-4.88746e-06
1.01112e-05
-3.68521e-06
1.0161e-05
-2.82432e-06
1.01876e-05
-2.15207e-06
1.02008e-05
-1.59743e-06
1.02083e-05
-1.11853e-06
1.02136e-05
-6.91867e-07
1.02227e-05
-2.97224e-07
-9.89354e-06
-3.28025e-08
-1.01506e-05
-6.93326e-08
-9.63339e-06
-7.49096e-08
-9.80959e-06
-1.34138e-07
-9.25141e-06
-1.78423e-07
-9.25473e-06
-2.86394e-07
-8.59465e-06
-4.12825e-07
-8.05792e-06
-5.88689e-07
-7.29761e-06
-5.74983e-07
-6.38357e-06
-7.24798e-07
-3.71686e-06
-2.36994e-06
-3.6352e-06
-2.06813e-06
-4.70545e-08
-2.12174e-06
-3.23107e-08
-2.12881e-06
-1.78268e-08
-2.25518e-06
-2.12256e-08
-2.3587e-06
-3.80921e-08
-2.58203e-06
-8.08402e-08
-2.83212e-06
-1.44747e-07
-3.18014e-06
-2.39014e-07
-3.33473e-06
-3.81404e-07
-3.20944e-06
-7.81283e-07
-3.24644e-06
-2.18539e-06
-6.83539e-06
1.71326e-06
-4.63004e-08
1.6744e-06
5.64158e-09
1.62302e-06
5.43043e-08
1.51104e-06
9.1221e-08
1.37266e-06
1.18525e-07
1.1634e-06
1.27317e-07
9.07533e-07
1.19186e-07
5.86677e-07
8.42157e-08
2.41146e-07
-1.86293e-08
-1.12474e-07
-3.69832e-07
-3.35992e-07
-1.8743e-06
-7.12469e-06
3.16589e-06
-3.62634e-08
3.12548e-06
4.64111e-08
3.05841e-06
1.41317e-07
2.94218e-06
2.15747e-07
2.78527e-06
2.95122e-07
2.56984e-06
3.49665e-07
2.30557e-06
4.06158e-07
1.97485e-06
4.2364e-07
1.58596e-06
4.09381e-07
1.02629e-06
2.1911e-07
6.25959e-08
-8.36058e-07
-6.76889e-06
4.05666e-06
-4.08992e-08
4.03671e-06
1.15577e-07
3.93833e-06
2.28517e-07
3.83221e-06
3.78794e-07
3.63796e-06
4.87995e-07
3.42725e-06
6.31483e-07
3.1011e-06
7.24367e-07
2.74262e-06
8.48067e-07
2.23882e-06
9.33456e-07
1.48674e-06
1.03349e-06
2.40759e-07
9.12302e-07
-6.21164e-06
4.90177e-06
-3.57933e-09
4.82138e-06
1.6116e-07
4.77389e-06
3.67347e-07
4.60966e-06
5.38682e-07
4.45981e-06
7.51089e-07
4.17197e-06
9.27695e-07
3.86793e-06
1.1442e-06
3.41321e-06
1.33017e-06
2.86721e-06
1.59278e-06
2.14268e-06
2.039e-06
9.86299e-07
2.36672e-06
-3.96326e-06
5.71436e-06
2.69127e-09
5.68277e-06
2.47055e-07
5.59291e-06
4.87165e-07
5.47547e-06
7.49137e-07
5.27947e-06
1.01124e-06
5.02944e-06
1.30073e-06
4.65922e-06
1.58843e-06
4.207e-06
1.92893e-06
3.61759e-06
2.3466e-06
2.66945e-06
3.01783e-06
2.07794e-06
4.27e-06
-1.70386e-06
6.59516e-06
2.6224e-08
6.55892e-06
3.1511e-07
6.49128e-06
6.19535e-07
6.37268e-06
9.37643e-07
6.20258e-06
1.28543e-06
5.94182e-06
1.65346e-06
5.59348e-06
2.06662e-06
5.10225e-06
2.52548e-06
4.3962e-06
3.13284e-06
3.55366e-06
4.29202e-06
2.00624e-06
5.70826e-06
1.30837e-06
7.49807e-06
4.4204e-08
7.47605e-06
3.78329e-07
7.42099e-06
7.29336e-07
7.32955e-06
1.10663e-06
7.17707e-06
1.51965e-06
6.95133e-06
1.97658e-06
6.61374e-06
2.49734e-06
6.12901e-06
3.11607e-06
5.44589e-06
3.9506e-06
4.22467e-06
5.34698e-06
2.92519e-06
7.91215e-06
3.78098e-06
8.41649e-06
6.14095e-08
8.40836e-06
4.27594e-07
8.37518e-06
8.13369e-07
8.31385e-06
1.23575e-06
8.1979e-06
1.69853e-06
8.02147e-06
2.23085e-06
7.73943e-06
2.84823e-06
7.30689e-06
3.61167e-06
6.58954e-06
4.66774e-06
5.59349e-06
6.62882e-06
3.543e-06
9.36028e-06
7.48436e-06
9.33466e-06
7.29025e-08
9.34072e-06
4.58991e-07
9.33476e-06
8.68241e-07
9.30442e-06
1.31577e-06
9.24151e-06
1.81328e-06
9.12904e-06
2.38972e-06
8.94138e-06
3.07831e-06
8.62799e-06
3.96604e-06
8.11855e-06
5.22157e-06
7.1591e-06
7.31338e-06
5.51849e-06
1.11704e-05
1.26048e-05
1.02416e-05
8.10457e-08
1.02623e-05
4.71363e-07
1.02817e-05
8.90663e-07
1.02856e-05
1.34385e-06
1.02778e-05
1.85396e-06
1.02446e-05
2.43893e-06
1.01899e-05
3.15305e-06
1.00774e-05
4.06873e-06
9.84637e-06
5.38907e-06
9.5174e-06
7.64538e-06
8.54949e-06
1.17123e-05
2.09838e-05
1.7565e-05
-6.87883e-06
-2.27637e-05
1.3993e-05
-1.08245e-05
1.22977e-05
-8.2745e-06
1.16626e-05
-6.1329e-06
1.141e-05
-4.63317e-06
1.12891e-05
-3.56811e-06
1.12186e-05
-2.76076e-06
1.11668e-05
-2.11596e-06
1.11199e-05
-1.57716e-06
1.10743e-05
-1.11405e-06
1.10368e-05
-7.05135e-07
-3.36506e-07
1.10187e-05
1.92304e-05
-3.57356e-06
-2.24704e-05
1.5737e-05
-7.16417e-06
1.3964e-05
-6.39239e-06
1.30844e-05
-5.18184e-06
1.26301e-05
-4.13799e-06
1.23767e-05
-3.28665e-06
1.22188e-05
-2.58793e-06
1.21094e-05
-2.00051e-06
1.20216e-05
-1.49664e-06
1.19479e-05
-1.05541e-06
1.18906e-05
-6.65841e-07
-3.16489e-07
1.18624e-05
1.87065e-05
-2.00652e-06
-2.01718e-05
1.64582e-05
-4.78308e-06
1.50237e-05
-4.85848e-06
1.41797e-05
-4.27164e-06
1.36749e-05
-3.59195e-06
1.33609e-05
-2.94635e-06
1.31533e-05
-2.36618e-06
1.3005e-05
-1.84826e-06
1.28878e-05
-1.38717e-06
1.27902e-05
-9.75846e-07
1.27157e-05
-6.06592e-07
-2.77332e-07
1.26738e-05
1.82117e-05
-1.89265e-05
-1.23935e-06
1.68355e-05
-3.29765e-06
1.57748e-05
-3.69912e-06
1.50542e-05
-3.48003e-06
1.45746e-05
-3.05842e-06
1.42497e-05
-2.58438e-06
1.40232e-05
-2.11242e-06
1.38544e-05
-1.66486e-06
1.37177e-05
-1.24893e-06
1.36024e-05
-8.68718e-07
1.35101e-05
-5.21028e-07
1.34412e-05
-2.17111e-07
1.10332e-05
7.12788e-09
1.1068e-05
3.75316e-07
1.11143e-05
7.74687e-07
1.11644e-05
1.21276e-06
1.12169e-05
1.69699e-06
1.12778e-05
2.25258e-06
1.13668e-05
2.91008e-06
1.15328e-05
3.73465e-06
1.18614e-05
4.82793e-06
1.27e-05
6.50827e-06
1.50447e-05
8.9632e-06
1.25093e-05
2.27772e-05
1.18869e-05
-1.1695e-08
1.19363e-05
3.39757e-07
1.20025e-05
7.28104e-07
1.20773e-05
1.14667e-06
1.21688e-05
1.60692e-06
1.22862e-05
2.11733e-06
1.24665e-05
2.70282e-06
1.27684e-05
3.38907e-06
1.33414e-05
4.23037e-06
1.44734e-05
5.26898e-06
1.67931e-05
6.5286e-06
6.83206e-06
2.25412e-05
1.27138e-05
-4.94678e-08
1.27786e-05
2.87295e-07
1.28586e-05
6.60557e-07
1.2953e-05
1.05783e-06
1.30679e-05
1.48573e-06
1.32198e-05
1.94636e-06
1.3443e-05
2.45149e-06
1.37977e-05
3.00013e-06
1.43838e-05
3.58696e-06
1.54147e-05
4.20181e-06
1.72421e-05
4.64978e-06
3.83732e-06
2.02311e-05
1.35143e-05
-1.16994e-07
1.35963e-05
2.13979e-07
1.3688e-05
5.71969e-07
1.37956e-05
9.46537e-07
1.39235e-05
1.33759e-06
1.40917e-05
1.7483e-06
1.43263e-05
2.17285e-06
1.46767e-05
2.60355e-06
1.52159e-05
3.00836e-06
1.60478e-05
3.3057e-06
1.73497e-05
3.31271e-06
1.89732e-05
2.24618e-06
1.74447e-05
-7.43075e-06
1.38135e-05
-1.13354e-05
1.21304e-05
-8.63863e-06
1.15162e-05
-6.44457e-06
1.12918e-05
-4.90116e-06
1.11909e-05
-3.80826e-06
1.1134e-05
-2.97883e-06
1.10935e-05
-2.3145e-06
1.10643e-05
-1.75699e-06
1.10446e-05
-1.2733e-06
1.10374e-05
-8.405e-07
-4.42315e-07
1.10456e-05
1.92042e-05
-4.0418e-06
1.5637e-05
-7.60833e-06
1.38242e-05
-6.78699e-06
1.29618e-05
-5.49511e-06
1.25279e-05
-4.41192e-06
1.22914e-05
-3.53427e-06
1.21459e-05
-2.8136e-06
1.20473e-05
-2.20707e-06
1.19778e-05
-1.68285e-06
1.1931e-05
-1.22128e-06
1.19064e-05
-8.05319e-07
-4.20567e-07
1.19073e-05
1.87085e-05
-2.41985e-06
1.63786e-05
-5.19141e-06
1.49224e-05
-5.19375e-06
1.40769e-05
-4.57881e-06
1.35865e-05
-3.8674e-06
1.32872e-05
-3.19785e-06
1.30907e-05
-2.59773e-06
1.29538e-05
-2.06102e-06
1.28546e-05
-1.58141e-06
1.27863e-05
-1.15036e-06
1.2748e-05
-7.56319e-07
-3.94167e-07
1.27375e-05
1.8218e-05
-1.60417e-06
1.67855e-05
-3.65728e-06
1.56855e-05
-4.04311e-06
1.49662e-05
-3.77834e-06
1.44978e-05
-3.32973e-06
1.41858e-05
-2.83516e-06
1.39699e-05
-2.34608e-06
1.38123e-05
-1.88216e-06
1.3694e-05
-1.45091e-06
1.36098e-05
-1.05476e-06
1.35567e-05
-6.92742e-07
1.35318e-05
-3.51987e-07
1.10772e-05
-6.29469e-08
1.11206e-05
3.35793e-07
1.11657e-05
7.61409e-07
1.12093e-05
1.21773e-06
1.12525e-05
1.72248e-06
1.13051e-05
2.29298e-06
1.13841e-05
2.96912e-06
1.15276e-05
3.80831e-06
1.18302e-05
4.93262e-06
1.25528e-05
6.58581e-06
1.47657e-05
9.11978e-06
1.2657e-05
2.20793e-05
1.19462e-05
-7.27119e-08
1.2002e-05
3.14921e-07
1.20629e-05
7.26307e-07
1.21324e-05
1.16674e-06
1.22117e-05
1.64147e-06
1.23229e-05
2.17115e-06
1.24912e-05
2.7708e-06
1.27791e-05
3.47566e-06
1.32943e-05
4.32594e-06
1.43666e-05
5.42112e-06
1.65824e-05
6.70049e-06
7.08279e-06
2.21864e-05
1.27893e-05
-9.82335e-08
1.28545e-05
2.77308e-07
1.29287e-05
6.73187e-07
1.30143e-05
1.08959e-06
1.31196e-05
1.53069e-06
1.32628e-05
2.00781e-06
1.34762e-05
2.52511e-06
1.38124e-05
3.09143e-06
1.43645e-05
3.69947e-06
1.53197e-05
4.32758e-06
1.70903e-05
4.849e-06
4.10721e-06
2.00357e-05
1.36055e-05
-1.48487e-07
1.36808e-05
2.20341e-07
1.37653e-05
5.99731e-07
1.38615e-05
9.86994e-07
1.39814e-05
1.39199e-06
1.41393e-05
1.81288e-06
1.43666e-05
2.25145e-06
1.47005e-05
2.69356e-06
1.52032e-05
3.11498e-06
1.59881e-05
3.44981e-06
1.72366e-05
3.49277e-06
1.88438e-05
2.49641e-06
1.74174e-05
-6.70431e-06
1.39277e-05
-1.07124e-05
1.22457e-05
-8.226e-06
1.16161e-05
-6.10521e-06
1.13662e-05
-4.61156e-06
1.12468e-05
-3.54906e-06
1.11772e-05
-2.74356e-06
1.11257e-05
-2.1002e-06
1.10776e-05
-1.56246e-06
1.10292e-05
-1.10091e-06
1.09886e-05
-6.93195e-07
-3.26739e-07
1.09683e-05
1.90963e-05
-3.55272e-06
1.56647e-05
-7.11855e-06
1.39091e-05
-6.36312e-06
1.3036e-05
-5.16083e-06
1.25852e-05
-4.11942e-06
1.2334e-05
-3.26894e-06
1.21774e-05
-2.57096e-06
1.20685e-05
-1.98421e-06
1.19793e-05
-1.4813e-06
1.19028e-05
-1.04051e-06
1.18419e-05
-6.53133e-07
-3.06369e-07
1.18115e-05
1.86096e-05
-2.02608e-06
1.63913e-05
-4.77039e-06
1.49694e-05
-4.84286e-06
1.4131e-05
-4.25635e-06
1.36297e-05
-3.57611e-06
1.3318e-05
-2.93012e-06
1.31122e-05
-2.34957e-06
1.29645e-05
-1.83171e-06
1.28461e-05
-1.3705e-06
1.27448e-05
-9.59845e-07
1.26664e-05
-5.91458e-07
-2.6198e-07
1.26226e-05
1.81379e-05
-1.27058e-06
1.67753e-05
-3.30161e-06
1.57226e-05
-3.69332e-06
1.50066e-05
-3.46977e-06
1.45301e-05
-3.04544e-06
1.42075e-05
-2.56965e-06
1.39827e-05
-2.0965e-06
1.38146e-05
-1.64801e-06
1.36765e-05
-1.23137e-06
1.35574e-05
-8.50294e-07
1.34618e-05
-5.00888e-07
1.3387e-05
-2.01516e-07
1.09818e-05
1.4672e-08
1.10165e-05
3.8067e-07
1.10632e-05
7.79175e-07
1.1113e-05
1.21703e-06
1.11637e-05
1.70258e-06
1.12204e-05
2.26009e-06
1.13018e-05
2.92096e-06
1.14547e-05
3.74997e-06
1.17623e-05
4.84992e-06
1.25528e-05
6.53169e-06
1.47473e-05
8.97839e-06
1.24282e-05
2.1527e-05
1.18349e-05
-3.06589e-09
1.18849e-05
3.46446e-07
1.19519e-05
7.3367e-07
1.20272e-05
1.15299e-06
1.21172e-05
1.61547e-06
1.22311e-05
2.12997e-06
1.24045e-05
2.72135e-06
1.26952e-05
3.41646e-06
1.32474e-05
4.27051e-06
1.43444e-05
5.33133e-06
1.65815e-05
6.62459e-06
6.99088e-06
2.20682e-05
1.26616e-05
-4.24029e-08
1.27276e-05
2.92155e-07
1.28093e-05
6.65268e-07
1.29048e-05
1.06467e-06
1.30191e-05
1.49619e-06
1.31683e-05
1.96275e-06
1.33861e-05
2.47573e-06
1.37316e-05
3.03646e-06
1.43037e-05
3.64177e-06
1.53111e-05
4.28228e-06
1.71031e-05
4.77719e-06
4.04302e-06
2.00351e-05
1.3462e-05
-1.1089e-07
1.35462e-05
2.17301e-07
1.36406e-05
5.76383e-07
1.37498e-05
9.54241e-07
1.3878e-05
1.35052e-06
1.40445e-05
1.76847e-06
1.42757e-05
2.20296e-06
1.46199e-05
2.64753e-06
1.51491e-05
3.07231e-06
1.59683e-05
3.40053e-06
1.72548e-05
3.44972e-06
1.88709e-05
2.4467e-06
1.74394e-05
-6.49285e-06
1.39702e-05
-1.06303e-05
1.22877e-05
-8.17825e-06
1.16473e-05
-6.10783e-06
1.14003e-05
-4.62726e-06
1.12845e-05
-3.57198e-06
1.12186e-05
-2.7676e-06
1.11725e-05
-2.12179e-06
1.11393e-05
-1.57754e-06
1.11155e-05
-1.10383e-06
1.11024e-05
-6.78453e-07
-2.89381e-07
1.11029e-05
1.91161e-05
-3.51629e-06
1.57052e-05
-7.09149e-06
1.39276e-05
-6.38575e-06
1.30602e-05
-5.1787e-06
1.26155e-05
-4.14801e-06
1.23707e-05
-3.30499e-06
1.22195e-05
-2.60896e-06
1.2118e-05
-2.02e-06
1.20464e-05
-1.50858e-06
1.19969e-05
-1.05504e-06
1.19658e-05
-6.44452e-07
-2.64082e-07
1.19586e-05
1.86446e-05
-2.05115e-06
1.64119e-05
-4.79438e-06
1.49894e-05
-4.85211e-06
1.41494e-05
-4.28993e-06
1.36562e-05
-3.61935e-06
1.33533e-05
-2.98004e-06
1.31546e-05
-2.4028e-06
1.30172e-05
-1.88274e-06
1.29182e-05
-1.41495e-06
1.28485e-05
-9.89679e-07
1.28043e-05
-5.96957e-07
-2.39979e-07
1.2782e-05
1.81752e-05
-1.31323e-06
1.68018e-05
-3.33939e-06
1.57307e-05
-3.74886e-06
1.502e-05
-3.5193e-06
1.45531e-05
-3.10113e-06
1.42406e-05
-2.63168e-06
1.40253e-05
-2.16217e-06
1.38693e-05
-1.71348e-06
1.37538e-05
-1.29208e-06
1.367e-05
-8.99974e-07
1.36095e-05
-5.35821e-07
1.35725e-05
-1.85089e-07
1.11275e-05
8.01533e-08
1.11641e-05
4.67421e-07
1.12033e-05
8.82457e-07
1.12419e-05
1.3301e-06
1.12811e-05
1.82807e-06
1.13304e-05
2.39426e-06
1.14064e-05
3.06832e-06
1.15471e-05
3.90814e-06
1.18476e-05
5.03917e-06
1.25762e-05
6.71444e-06
1.48605e-05
9.32422e-06
1.30304e-05
1.19898e-05
7.10538e-08
1.20394e-05
4.45448e-07
1.20954e-05
8.45185e-07
1.2161e-05
1.27639e-06
1.22375e-05
1.7445e-06
1.23466e-05
2.26999e-06
1.25137e-05
2.86768e-06
1.28013e-05
3.57272e-06
1.3318e-05
4.42688e-06
1.44007e-05
5.53427e-06
1.66721e-05
6.84355e-06
7.25956e-06
1.2826e-05
4.89133e-08
1.28858e-05
4.08241e-07
1.29563e-05
7.8993e-07
1.30393e-05
1.19622e-06
1.31428e-05
1.63053e-06
1.32852e-05
2.10341e-06
1.34987e-05
2.61841e-06
1.38362e-05
3.18416e-06
1.43916e-05
3.79359e-06
1.5356e-05
4.42675e-06
1.71562e-05
4.9568e-06
4.21447e-06
1.36347e-05
4.83705e-09
1.37055e-05
3.52279e-07
1.3788e-05
7.14265e-07
1.38832e-05
1.09035e-06
1.40024e-05
1.48845e-06
1.41604e-05
1.90504e-06
1.43887e-05
2.34101e-06
1.47247e-05
2.78155e-06
1.52314e-05
3.20239e-06
1.6024e-05
3.53729e-06
1.72901e-05
3.58026e-06
2.57247e-06
2.52172e-06
-7.88123e-07
-2.923e-06
1.648e-06
-2.335e-06
8.7815e-07
-2.84885e-06
3.00504e-07
-2.84032e-06
-1.16636e-07
-2.59579e-06
-4.17693e-07
-2.25183e-06
-6.39243e-07
-1.86966e-06
-8.1186e-07
-1.48211e-06
-9.58219e-07
-1.10409e-06
-1.08858e-06
-7.47411e-07
-1.20855e-06
-4.11016e-07
-8.83844e-08
-1.32061e-06
1.93441e-06
-5.22118e-07
-2.16615e-06
1.37139e-06
-1.69847e-06
8.10573e-07
-2.21793e-06
3.49606e-07
-2.31804e-06
-8.67191e-09
-2.18971e-06
-2.81329e-07
-1.94023e-06
-4.91951e-07
-1.63045e-06
-6.62647e-07
-1.29246e-06
-8.15758e-07
-9.44068e-07
-9.67902e-07
-5.96755e-07
-1.13981e-06
-2.2848e-07
1.20701e-07
-1.36986e-06
1.5234e-06
-3.59695e-07
-1.65961e-06
1.14935e-06
-1.26797e-06
7.36437e-07
-1.74738e-06
3.68525e-07
-1.89999e-06
6.50507e-08
-1.84674e-06
-1.77232e-07
-1.6674e-06
-3.71428e-07
-1.4153e-06
-5.34143e-07
-1.11718e-06
-6.88009e-07
-7.87339e-07
-8.61959e-07
-4.23138e-07
-1.14249e-06
4.13001e-08
5.77576e-07
-1.5641e-06
1.22749e-06
-1.30902e-06
-2.51267e-07
9.70516e-07
-9.66616e-07
6.62029e-07
-1.38996e-06
3.6772e-07
-1.56181e-06
1.1311e-07
-1.5521e-06
-9.87422e-08
-1.42315e-06
-2.72538e-07
-1.21451e-06
-4.20365e-07
-9.50759e-07
-5.60719e-07
-6.37463e-07
-7.30131e-07
-2.52951e-07
-1.05792e-06
3.86335e-07
-1.74047e-06
1.22354e-06
-1.18366e-06
-2.64548e-07
-1.07302e-06
1.03454e-07
-9.66773e-07
4.65443e-07
-8.50251e-07
8.22521e-07
-7.13221e-07
1.1829e-06
-5.38801e-07
1.54645e-06
-3.02722e-07
1.90217e-06
3.05833e-08
2.23415e-06
5.03463e-07
2.4985e-06
1.17023e-06
2.6188e-06
2.06531e-06
2.40116e-06
1.37208e-06
2.95652e-06
-1.10338e-06
-5.23309e-07
-9.41639e-07
-6.19384e-08
-8.18964e-07
3.37233e-07
-6.99168e-07
6.86175e-07
-5.62986e-07
1.02166e-06
-3.95535e-07
1.34182e-06
-1.75128e-07
1.64023e-06
1.21482e-07
1.89479e-06
5.21862e-07
2.06462e-06
1.04178e-06
2.07022e-06
1.66744e-06
1.77171e-06
8.77781e-07
2.18926e-06
-1.08169e-06
-1.03262e-06
-8.27816e-07
-3.24129e-07
-6.90214e-07
1.90302e-07
-5.72192e-07
5.53807e-07
-4.44085e-07
8.72269e-07
-2.88843e-07
1.15874e-06
-9.03474e-08
1.41036e-06
1.67546e-07
1.60599e-06
4.99454e-07
1.70986e-06
9.06884e-07
1.65449e-06
1.35085e-06
1.32957e-06
5.79834e-07
1.67195e-06
-9.72073e-07
-1.78521e-06
-6.87403e-07
-6.12031e-07
-5.64333e-07
5.63767e-08
-4.60429e-07
4.32037e-07
-3.46258e-07
7.30867e-07
-2.06755e-07
9.87171e-07
-3.19149e-08
1.1995e-06
1.8954e-07
1.35237e-06
4.63226e-07
1.41247e-06
7.81786e-07
1.32497e-06
1.10456e-06
1.0156e-06
1.3135e-06
3.96046e-07
2.52997e-06
-1.11317e-06
1.60244e-06
-2.66777e-06
8.06852e-07
-3.15193e-06
2.23933e-07
-3.12725e-06
-1.8436e-07
-2.86119e-06
-4.73849e-07
-2.50007e-06
-6.84974e-07
-2.10309e-06
-8.46832e-07
-1.70217e-06
-9.74701e-07
-1.31213e-06
-1.07431e-06
-9.49058e-07
-1.14496e-06
-6.10174e-07
-2.82931e-07
-1.19235e-06
1.93992e-06
-8.14327e-07
1.33663e-06
-2.00073e-06
7.45713e-07
-2.51753e-06
2.81979e-07
-2.59222e-06
-6.90775e-08
-2.44638e-06
-3.31111e-07
-2.18233e-06
-5.31965e-07
-1.86065e-06
-6.92569e-07
-1.51211e-06
-8.29315e-07
-1.15692e-06
-9.50387e-07
-8.12599e-07
-1.06446e-06
-4.78583e-07
-1.78104e-07
-1.16225e-06
1.52576e-06
-6.23303e-07
1.11574e-06
-1.54925e-06
6.81041e-07
-2.01817e-06
3.07881e-07
-2.16202e-06
1.05675e-08
-2.09427e-06
-2.22126e-07
-1.90262e-06
-4.07187e-07
-1.64005e-06
-5.6126e-07
-1.33361e-06
-7.0177e-07
-1.00043e-06
-8.49787e-07
-6.52323e-07
-1.04974e-06
-2.66821e-07
-2.37142e-08
-1.16923e-06
1.22454e-06
-4.958e-07
9.4069e-07
-1.22507e-06
6.10263e-07
-1.65197e-06
3.12688e-07
-1.81052e-06
6.3448e-08
-1.78938e-06
-1.39568e-07
-1.6494e-06
-3.05079e-07
-1.43219e-06
-4.45943e-07
-1.16109e-06
-5.77943e-07
-8.46177e-07
-7.28918e-07
-4.83889e-07
-9.7088e-07
4.04036e-10
-7.7753e-07
-1.91579e-07
-1.0771e-06
-2.52925e-07
-9.81463e-07
1.37482e-07
-8.86347e-07
5.09457e-07
-7.80404e-07
8.73969e-07
-6.52737e-07
1.24449e-06
-4.86791e-07
1.6154e-06
-2.58828e-07
1.98142e-06
6.02111e-08
2.32257e-06
5.05781e-07
2.60274e-06
1.12596e-06
2.74305e-06
1.98298e-06
2.57509e-06
1.60387e-06
2.86234e-06
-9.79346e-07
-4.1781e-07
-8.45425e-07
1.09334e-08
-7.36998e-07
3.96681e-07
-6.26925e-07
7.48148e-07
-5.00994e-07
1.08701e-06
-3.40708e-07
1.41416e-06
-1.28637e-07
1.71796e-06
1.56385e-07
1.98114e-06
5.31599e-07
2.16244e-06
1.01681e-06
2.19274e-06
1.60802e-06
1.92904e-06
1.08501e-06
2.11811e-06
-9.34286e-07
-6.53905e-07
-7.30352e-07
-1.92763e-07
-6.07937e-07
2.67858e-07
-5.00073e-07
6.24901e-07
-3.80872e-07
9.43028e-07
-2.33158e-07
1.23326e-06
-4.1722e-08
1.48765e-06
2.05748e-07
1.68866e-06
5.17486e-07
1.8005e-06
8.94196e-07
1.76319e-06
1.30934e-06
1.47284e-06
7.70912e-07
1.61906e-06
-8.13455e-07
-5.8765e-07
-5.9297e-07
-4.10917e-07
-4.83741e-07
1.49524e-07
-3.89617e-07
5.08812e-07
-2.8305e-07
8.05089e-07
-1.51204e-07
1.06116e-06
1.75294e-08
1.27555e-06
2.29565e-07
1.43165e-06
4.86628e-07
1.49941e-06
7.80207e-07
1.42899e-06
1.07876e-06
1.15019e-06
1.27433e-06
5.66894e-07
2.46222e-06
-8.20842e-07
1.5941e-06
-2.34669e-06
8.29007e-07
-2.84886e-06
2.5484e-07
-2.83371e-06
-1.59719e-07
-2.58495e-06
-4.58794e-07
-2.23824e-06
-6.7869e-07
-1.85402e-06
-8.5054e-07
-1.4648e-06
-9.98259e-07
-1.08519e-06
-1.13192e-06
-7.26372e-07
-1.25813e-06
-3.86464e-07
-4.98751e-08
-1.37908e-06
1.88448e-06
-5.55121e-07
1.32312e-06
-1.7141e-06
7.64818e-07
-2.22207e-06
3.06263e-07
-2.31443e-06
-4.99848e-08
-2.18105e-06
-3.20961e-07
-1.92779e-06
-5.30073e-07
-1.61534e-06
-7.00021e-07
-1.27476e-06
-8.54256e-07
-9.24293e-07
-1.0095e-06
-5.72962e-07
-1.18612e-06
-1.88683e-07
1.82757e-07
-1.45245e-06
1.48054e-06
-3.90386e-07
1.10599e-06
-1.2851e-06
6.94189e-07
-1.75344e-06
3.27667e-07
-1.89839e-06
2.57906e-08
-1.83911e-06
-2.15231e-07
-1.65567e-06
-4.07973e-07
-1.39982e-06
-5.7012e-07
-1.09891e-06
-7.24623e-07
-7.65713e-07
-8.99694e-07
-3.95878e-07
-1.19279e-06
9.03395e-08
7.65406e-07
-1.71394e-06
1.1898e-06
-2.81417e-07
9.31511e-07
-9.84267e-07
6.23017e-07
-1.39794e-06
3.29521e-07
-1.56171e-06
7.58994e-08
-1.54621e-06
-1.34841e-07
-1.41212e-06
-3.07532e-07
-1.19967e-06
-4.5466e-07
-9.31771e-07
-5.95594e-07
-6.15103e-07
-7.66987e-07
-2.2394e-07
-1.10526e-06
4.60694e-07
-2.15755e-06
1.76615e-06
-1.23676e-06
-2.74503e-07
-1.12197e-06
9.86712e-08
-1.01212e-06
4.66801e-07
-8.93219e-07
8.2917e-07
-7.55046e-07
1.19655e-06
-5.81115e-07
1.56841e-06
-3.46806e-07
1.93538e-06
-1.71981e-08
2.28209e-06
4.50462e-07
2.56761e-06
1.10937e-06
2.71512e-06
1.99919e-06
2.53791e-06
1.55844e-06
2.89529e-06
-1.1566e-06
-5.58818e-07
-9.88011e-07
-7.47803e-08
-8.61585e-07
3.3627e-07
-7.38762e-07
6.93069e-07
-6.0096e-07
1.0365e-06
-4.32866e-07
1.36651e-06
-2.129e-07
1.67662e-06
8.24246e-08
1.94666e-06
4.79977e-07
2.13633e-06
9.96947e-07
2.16932e-06
1.62112e-06
1.90236e-06
1.04642e-06
2.14971e-06
-1.13856e-06
-1.18406e-06
-8.71748e-07
-3.53808e-07
-7.29662e-07
1.85132e-07
-6.08358e-07
5.58687e-07
-4.77976e-07
8.86567e-07
-3.21439e-07
1.1836e-06
-1.2209e-07
1.44756e-06
1.36013e-07
1.65832e-06
4.67723e-07
1.78145e-06
8.7356e-07
1.74871e-06
1.31828e-06
1.45312e-06
7.33228e-07
1.6459e-06
-1.03049e-06
-2.28168e-06
-7.28794e-07
-6.58289e-07
-6.00519e-07
4.81709e-08
-4.92991e-07
4.3643e-07
-3.76158e-07
7.45631e-07
-2.34798e-07
1.01345e-06
-5.82416e-08
1.23802e-06
1.64705e-07
1.40596e-06
4.39249e-07
1.48307e-06
7.58302e-07
1.41745e-06
1.08196e-06
1.13011e-06
1.29613e-06
5.34237e-07
2.50116e-06
-8.72034e-07
1.61181e-06
-2.40414e-06
8.38466e-07
-2.89926e-06
2.65001e-07
-2.89553e-06
-1.39998e-07
-2.65211e-06
-4.2783e-07
-2.31169e-06
-6.36774e-07
-1.93207e-06
-7.9493e-07
-1.54541e-06
-9.17846e-07
-1.16472e-06
-1.01477e-06
-8.03723e-07
-1.08966e-06
-4.54273e-07
-1.22793e-07
-1.15732e-06
1.92057e-06
-6.07936e-07
1.34266e-06
-1.77668e-06
7.69493e-07
-2.29651e-06
3.14034e-07
-2.38591e-06
-3.31074e-08
-2.25677e-06
-2.92397e-07
-2.00918e-06
-4.89974e-07
-1.70259e-06
-6.45126e-07
-1.36688e-06
-7.74341e-07
-1.0207e-06
-8.88271e-07
-6.77643e-07
-1.00901e-06
-3.36815e-07
7.88015e-09
-1.11888e-06
1.51282e-06
-4.43683e-07
1.12094e-06
-1.3553e-06
6.99643e-07
-1.82514e-06
3.33748e-07
-1.97721e-06
4.03243e-08
-1.92208e-06
-1.89284e-07
-1.74419e-06
-3.7035e-07
-1.49554e-06
-5.17762e-07
-1.20187e-06
-6.48276e-07
-8.79569e-07
-7.86654e-07
-5.36261e-07
-9.79963e-07
-1.30869e-07
1.24919e-07
-1.10743e-06
1.21628e-06
-3.37117e-07
9.45663e-07
-1.0548e-06
6.26073e-07
-1.47996e-06
3.34135e-07
-1.64526e-06
8.83371e-08
-1.63337e-06
-1.11728e-07
-1.50505e-06
-2.72966e-07
-1.29995e-06
-4.06712e-07
-1.04189e-06
-5.27258e-07
-7.39542e-07
-6.61537e-07
-3.85458e-07
-8.93551e-07
9.8221e-08
-6.14726e-07
-1.13421e-07
-1.05615e-06
-7.7186e-08
-9.64023e-07
2.73366e-07
-8.68591e-07
6.20915e-07
-7.61967e-07
9.73052e-07
-6.33748e-07
1.33673e-06
-4.66989e-07
1.70355e-06
-2.37659e-07
2.06662e-06
8.39116e-08
2.40556e-06
5.33406e-07
2.68339e-06
1.16028e-06
2.82116e-06
2.02842e-06
2.64807e-06
1.66549e-06
-9.69705e-07
-2.14756e-07
-8.3633e-07
1.49664e-07
-7.24052e-07
5.03322e-07
-6.11367e-07
8.41941e-07
-4.83854e-07
1.17494e-06
-3.22333e-07
1.49821e-06
-1.08644e-07
1.79923e-06
1.7883e-07
2.05931e-06
5.57771e-07
2.23736e-06
1.04834e-06
2.26284e-06
1.64758e-06
1.99295e-06
1.13669e-06
-9.34892e-07
-3.65641e-07
-7.29115e-07
-5.09219e-08
-5.99155e-07
3.66969e-07
-4.86782e-07
7.12584e-07
-3.65377e-07
1.02595e-06
-2.16066e-07
1.31328e-06
-2.31547e-08
1.56458e-06
2.26678e-07
1.76248e-06
5.41522e-07
1.86987e-06
9.22951e-07
1.82732e-06
1.34374e-06
1.52931e-06
8.17567e-07
-8.28208e-07
-1.31547e-07
-5.97808e-07
-2.77387e-07
-4.77579e-07
2.37767e-07
-3.77968e-07
5.89192e-07
-2.68754e-07
8.83145e-07
-1.35413e-07
1.13673e-06
3.47568e-08
1.3487e-06
2.4867e-07
1.50088e-06
5.08538e-07
1.56431e-06
8.05961e-07
1.48753e-06
1.10933e-06
1.20165e-06
6.08265e-07
1.0081e-06
-1.85242e-07
-1.06167e-06
8.27033e-07
-7.49468e-07
5.92638e-07
-1.11629e-06
3.56979e-07
-1.28828e-06
1.43767e-07
-1.30722e-06
-3.8801e-08
-1.21515e-06
-1.91201e-07
-1.0437e-06
-3.18439e-07
-8.12144e-07
-4.26507e-07
-5.25534e-07
-5.11389e-07
-1.66479e-07
-5.81743e-07
4.42279e-07
6.66498e-07
8.44141e-07
-1.31518e-07
-8.78663e-07
7.1182e-07
-5.89969e-07
5.30951e-07
-9.04428e-07
3.40805e-07
-1.06727e-06
1.6268e-07
-1.10017e-06
6.53127e-09
-1.03283e-06
-1.2497e-07
-8.90872e-07
-2.31663e-07
-6.89453e-07
-3.11507e-07
-4.36979e-07
-3.46143e-07
-1.3208e-07
-2.29407e-07
3.30383e-07
3.68772e-07
7.17469e-07
-1.01848e-07
-7.43842e-07
6.19203e-07
-4.68057e-07
4.77456e-07
-7.36967e-07
3.23206e-07
-8.85334e-07
1.74283e-07
-9.27844e-07
4.0945e-08
-8.80253e-07
-7.17354e-08
-7.64402e-07
-1.61178e-07
-5.91912e-07
-2.22357e-07
-3.73317e-07
-2.40631e-07
-1.15308e-07
-1.64202e-07
2.34827e-07
2.02714e-07
6.20716e-07
-6.85827e-08
-6.38161e-07
5.44369e-07
-3.76958e-07
4.31957e-07
-6.05286e-07
3.05134e-07
-7.39757e-07
1.80567e-07
-7.83055e-07
6.65354e-08
-7.48105e-07
-2.96943e-08
-6.52257e-07
-1.05095e-07
-5.04565e-07
-1.53241e-07
-3.19211e-07
-1.65087e-07
-1.04055e-07
-1.0418e-07
1.69732e-07
3.45843e-08
5.42949e-07
-5.81408e-08
-5.58819e-07
4.84061e-07
-3.01946e-07
3.93219e-07
-4.99953e-07
2.88564e-07
-6.15761e-07
1.83767e-07
-6.624e-07
8.57158e-08
-6.37691e-07
3.45143e-09
-5.60086e-07
-6.14596e-08
-4.36399e-07
-1.00369e-07
-2.78548e-07
-1.08798e-07
-9.9967e-08
-6.46173e-08
1.0975e-07
-4.83419e-08
4.84716e-07
-3.86761e-08
-4.94094e-07
4.35425e-07
-2.44488e-07
3.62196e-07
-4.18166e-07
2.73332e-07
-5.15475e-07
1.8515e-07
-5.64171e-07
9.98011e-08
-5.39571e-07
2.90366e-08
-4.80881e-07
-2.75132e-08
-3.7097e-07
-6.01327e-08
-2.4323e-07
-6.75194e-08
-9.29911e-08
-3.20575e-08
6.77889e-08
-1.26289e-07
4.43346e-07
-3.05657e-08
-4.50617e-07
4.00409e-07
-1.99854e-07
3.41648e-07
-3.4642e-07
2.62428e-07
-4.32553e-07
1.88986e-07
-4.76629e-07
1.10443e-07
-4.60243e-07
5.05487e-08
-4.11741e-07
-2.60812e-09
-3.2119e-07
-2.95256e-08
-2.13914e-07
-3.82505e-08
-9.13909e-08
-1.11118e-08
2.98989e-08
-1.67795e-07
4.30323e-07
-2.88051e-08
-4.34354e-07
3.90367e-07
-1.52025e-07
3.39911e-07
-2.98493e-07
2.65265e-07
-3.49731e-07
2.00127e-07
-4.11523e-07
1.24093e-07
-3.76145e-07
7.01036e-08
-3.57278e-07
1.73546e-08
-2.63685e-07
-6.82329e-09
-1.91185e-07
-1.79336e-08
-8.12644e-08
6.11495e-09
-2.301e-09
-1.89545e-07
4.76576e-07
1.096e-08
-4.72448e-07
4.26341e-07
-1.42565e-07
3.86084e-07
-2.0541e-07
2.97115e-07
-3.08255e-07
2.40376e-07
-3.0114e-07
1.4847e-07
-3.32147e-07
1.00571e-07
-2.66816e-07
3.46469e-08
-2.38643e-07
1.44319e-08
-1.45436e-07
-5.59291e-09
-9.1177e-08
2.21339e-08
-2.72685e-08
-2.18724e-07
6.30031e-07
2.48006e-08
-6.32535e-07
5.78425e-07
-8.98622e-08
5.19133e-07
-1.33345e-07
4.1696e-07
-2.16358e-07
3.34377e-07
-2.03392e-07
2.24863e-07
-2.38732e-07
1.53385e-07
-1.85553e-07
7.35099e-08
-1.79254e-07
3.8595e-08
-1.09959e-07
1.14823e-08
-8.79744e-08
3.30702e-08
-6.67084e-08
-2.36279e-07
9.77354e-07
9.93718e-08
-9.76223e-07
9.09297e-07
-1.98742e-08
8.27077e-07
-1.25326e-08
6.87511e-07
-1.03703e-07
5.63738e-07
-4.03734e-08
4.06331e-07
-1.22227e-07
2.93835e-07
-5.36463e-08
1.75357e-07
-1.16194e-07
1.12907e-07
-5.87626e-08
6.23836e-08
-1.08171e-07
6.45919e-08
-1.20767e-07
-2.69487e-07
1.07578e-06
-9.60386e-07
1.06624e-06
1.04596e-06
9.53018e-07
9.01736e-07
7.85632e-07
7.18149e-07
6.00557e-07
5.25222e-07
4.06581e-07
2.69487e-07
-4.70944e-07
-1.33043e-06
-4.77503e-07
-6.12354e-07
-4.35764e-07
3.87426e-09
-3.61661e-07
3.4343e-07
-2.64979e-07
6.14398e-07
-1.42807e-07
8.42126e-07
9.64233e-09
1.02181e-06
1.98276e-07
1.14194e-06
4.23383e-07
1.17265e-06
6.74939e-07
1.07279e-06
9.13856e-07
7.86627e-07
2.75925e-07
1.05689e-06
-1.75337e-07
-1.12222e-06
-3.30851e-07
-4.58105e-07
-3.29479e-07
-5.70794e-09
-2.78252e-07
2.75208e-07
-1.97874e-07
5.13031e-07
-9.26469e-08
7.10525e-07
3.9486e-08
8.65133e-07
1.99426e-07
9.59458e-07
3.85083e-07
9.74218e-07
5.84331e-07
8.70429e-07
7.65516e-07
6.19063e-07
1.96682e-07
8.68205e-07
-1.4658e-07
-9.67502e-07
-2.44884e-07
-3.61443e-07
-2.49236e-07
-9.27416e-09
-2.10608e-07
2.26254e-07
-1.43879e-07
4.30817e-07
-5.26525e-08
6.03794e-07
6.08071e-08
7.33122e-07
1.97174e-07
8.10833e-07
3.49686e-07
8.11581e-07
5.10113e-07
7.16486e-07
6.49279e-07
4.90969e-07
1.41705e-07
7.26054e-07
-1.1254e-07
-8.24333e-07
-1.83584e-07
-2.89384e-07
-1.87519e-07
-1.10197e-08
-1.56899e-07
1.84003e-07
-1.00095e-07
3.59386e-07
-2.16579e-08
5.07998e-07
7.67732e-08
6.20871e-07
1.92245e-07
6.82541e-07
3.19452e-07
6.81279e-07
4.47685e-07
5.87117e-07
5.5786e-07
3.98121e-07
1.04764e-07
6.16747e-07
-8.4934e-08
-7.21976e-07
-1.38454e-07
-2.3429e-07
-1.40523e-07
-1.28177e-08
-1.14385e-07
1.52618e-07
-6.53007e-08
3.00202e-07
3.44656e-09
4.31934e-07
8.80577e-08
5.23146e-07
1.87674e-07
5.80611e-07
2.91791e-07
5.68468e-07
3.9811e-07
4.96113e-07
4.8487e-07
3.23616e-07
7.8808e-08
5.31275e-07
-6.54725e-08
-6.37943e-07
-1.05331e-07
-1.93436e-07
-1.03962e-07
-1.76731e-08
-8.13378e-08
1.23486e-07
-3.67933e-08
2.47582e-07
2.24752e-08
3.63763e-07
9.80256e-08
4.42575e-07
1.82133e-07
4.91897e-07
2.71474e-07
4.81642e-07
3.56581e-07
4.13777e-07
4.27943e-07
2.72502e-07
6.22072e-08
4.64496e-07
-5.44989e-08
-5.59106e-07
-8.22985e-08
-1.64588e-07
-7.60999e-08
-2.12392e-08
-5.60914e-08
9.81336e-08
-1.35412e-08
2.04544e-07
3.8675e-08
3.04965e-07
1.07352e-07
3.72201e-07
1.80554e-07
4.15417e-07
2.57107e-07
4.06161e-07
3.29065e-07
3.52449e-07
3.87047e-07
2.30343e-07
5.21395e-08
4.16572e-07
-5.16568e-08
-5.06279e-07
-6.78962e-08
-1.45594e-07
-5.68838e-08
-3.6617e-08
-3.76128e-08
7.85064e-08
5.33171e-09
1.55583e-07
5.41247e-08
2.56623e-07
1.2022e-07
3.02519e-07
1.87842e-07
3.52291e-07
2.57731e-07
3.35016e-07
3.21375e-07
2.99677e-07
3.71323e-07
1.91659e-07
4.38094e-08
3.95864e-07
-5.41327e-08
-4.03538e-07
-6.64379e-08
-1.46772e-07
-4.51706e-08
-2.91754e-08
-2.97681e-08
3.32068e-08
2.45651e-08
1.33358e-07
7.052e-08
1.77712e-07
1.4746e-07
2.5222e-07
2.13509e-07
2.6073e-07
2.90349e-07
2.81293e-07
3.51428e-07
2.27333e-07
4.02341e-07
1.65649e-07
3.87742e-08
4.25304e-07
-7.47177e-08
-3.23999e-07
-7.69873e-08
-1.37397e-07
-5.42712e-08
-4.29857e-08
-2.79835e-08
-1.11874e-09
3.6268e-08
7.66667e-08
1.0183e-07
1.01439e-07
1.9522e-07
1.62644e-07
2.85314e-07
1.69934e-07
3.7742e-07
1.88603e-07
4.59611e-07
1.6806e-07
5.19058e-07
1.23928e-07
4.31645e-08
5.47476e-07
-1.10316e-07
-1.95553e-07
-1.24065e-07
-1.11064e-07
-1.01386e-07
-3.91785e-08
-6.62498e-08
-5.79307e-08
2.05202e-08
1.04734e-08
1.1322e-07
-2.1481e-08
2.45042e-07
4.71417e-08
3.73351e-07
2.93423e-08
5.08967e-07
7.70525e-08
6.31592e-07
9.94132e-08
7.23192e-07
1.01868e-07
9.99705e-08
7.69116e-07
-1.92653e-07
-2.96246e-07
-3.415e-07
-3.9354e-07
-3.90922e-07
-4.08145e-07
-3.64108e-07
-3.29897e-07
-2.40499e-07
-1.25806e-07
-1.41279e-10
1.17916e-07
1.00139e-06
-4.06608e-07
7.96659e-07
-9.91333e-07
5.45672e-07
-1.3587e-06
3.06252e-07
-1.52636e-06
9.82054e-08
-1.53428e-06
-7.6407e-08
-1.43295e-06
-2.21019e-07
-1.25228e-06
-3.42943e-07
-1.01378e-06
-4.47558e-07
-7.23067e-07
-5.33956e-07
-3.8241e-07
-5.96565e-07
8.42376e-08
-7.04997e-07
8.32157e-07
-3.39897e-07
6.8185e-07
-8.13156e-07
4.8605e-07
-1.13536e-06
2.94011e-07
-1.29119e-06
1.20482e-07
-1.31717e-06
-2.79007e-08
-1.24064e-06
-1.52337e-07
-1.0905e-06
-2.54242e-07
-8.81196e-07
-3.33005e-07
-6.22103e-07
-3.73319e-07
-3.24227e-07
-2.81571e-07
2.53985e-08
-9.18342e-07
7.02115e-07
-2.89222e-07
5.87816e-07
-6.79273e-07
4.35221e-07
-9.52444e-07
2.78979e-07
-1.10223e-06
1.35231e-07
-1.13461e-06
9.18901e-09
-1.07949e-06
-9.65544e-08
-9.5323e-07
-1.81246e-07
-7.72483e-07
-2.40926e-07
-5.44553e-07
-2.62191e-07
-2.88202e-07
-1.86027e-07
-2.61085e-08
-1.01134e-06
6.00112e-07
-2.47748e-07
5.12578e-07
-5.70596e-07
3.90264e-07
-8.10988e-07
2.64041e-07
-9.4389e-07
1.44106e-07
-9.8207e-07
3.7795e-08
-9.39652e-07
-5.20433e-08
-8.32844e-07
-1.22203e-07
-6.77017e-07
-1.68197e-07
-4.78911e-07
-1.78952e-07
-2.61657e-07
-1.13691e-07
-6.35305e-08
-1.05454e-06
5.19673e-07
-2.1425e-07
4.502e-07
-4.87932e-07
3.52815e-07
-6.93227e-07
2.4913e-07
-8.1985e-07
1.49791e-07
-8.52041e-07
5.98926e-08
-8.2334e-07
-1.66143e-08
-7.30608e-07
-7.50569e-08
-5.98258e-07
-1.1163e-07
-4.27145e-07
-1.1606e-07
-2.43241e-07
-6.22461e-08
-9.48838e-08
-1.03519e-06
4.55797e-07
-1.84877e-07
4.00742e-07
-4.17266e-07
3.20576e-07
-6.02473e-07
2.37302e-07
-7.15003e-07
1.52957e-07
-7.44006e-07
7.75907e-08
-7.24218e-07
1.12698e-08
-6.40869e-07
-3.76976e-08
-5.3023e-07
-6.77271e-08
-3.80443e-07
-6.87567e-08
-2.28609e-07
-2.36132e-08
-1.15778e-07
-9.80775e-07
4.09844e-07
-1.58395e-07
3.64e-07
-3.60131e-07
2.98043e-07
-5.23368e-07
2.30234e-07
-6.2376e-07
1.56821e-07
-6.50909e-07
9.34334e-08
-6.34803e-07
3.3388e-08
-5.64032e-07
-7.76791e-09
-4.69128e-07
-3.47565e-08
-3.42218e-07
-3.3189e-08
-2.16039e-07
5.89099e-09
-1.32815e-07
-9.09365e-07
3.89827e-07
-1.32312e-07
3.49633e-07
-3.05489e-07
2.92707e-07
-4.45903e-07
2.34658e-07
-5.47244e-07
1.67653e-07
-5.5447e-07
1.10861e-07
-5.57542e-07
5.35819e-08
-4.80799e-07
1.63585e-08
-4.14291e-07
-9.82823e-09
-2.9688e-07
-6.7524e-09
-2.0312e-07
3.0312e-08
-1.45437e-07
-8.16764e-07
4.1847e-07
-1.08313e-07
3.78732e-07
-2.55665e-07
3.19955e-07
-3.89669e-07
2.70518e-07
-4.3625e-07
1.94508e-07
-4.89204e-07
1.43713e-07
-4.46198e-07
7.57006e-08
-4.27082e-07
4.23127e-08
-3.36217e-07
9.00203e-09
-2.71736e-07
1.45329e-08
-1.82167e-07
5.12709e-08
-1.73453e-07
-7.17461e-07
5.3806e-07
-7.19918e-08
4.86483e-07
-2.01868e-07
4.2326e-07
-2.81204e-07
3.59284e-07
-3.05917e-07
2.74355e-07
-3.42674e-07
2.04509e-07
-3.0469e-07
1.24923e-07
-3.01482e-07
7.68422e-08
-2.33475e-07
3.69121e-08
-1.99485e-07
3.72668e-08
-1.41749e-07
7.76648e-08
-1.74353e-07
-5.8892e-07
7.53263e-07
2.47093e-08
6.77657e-07
-7.67058e-08
5.9858e-07
-6.25049e-08
5.22475e-07
2.64133e-09
4.17469e-07
-1.9206e-08
3.26741e-07
3.98461e-08
2.22223e-07
-1.9087e-08
1.56877e-07
2.51782e-08
1.03361e-07
-1.45994e-08
9.85813e-08
8.91337e-09
1.24359e-07
-9.20866e-08
-3.51052e-07
1.76268e-07
1.29407e-07
1.19958e-07
1.71076e-07
2.11276e-07
2.91342e-07
3.17799e-07
3.7278e-07
3.91879e-07
4.24231e-07
3.51052e-07
-3.88092e-07
-1.83878e-07
-3.94874e-07
-4.06701e-07
-3.59281e-07
1.03764e-07
-2.92767e-07
4.24876e-07
-2.03055e-07
6.91774e-07
-8.7693e-08
9.16517e-07
5.91181e-08
1.09653e-06
2.39812e-07
1.21678e-06
4.51345e-07
1.25202e-06
6.82274e-07
1.16546e-06
8.99027e-07
9.05357e-07
4.36295e-07
1.03096e-06
-1.15002e-07
-1.65704e-08
-2.55039e-07
-2.63989e-07
-2.57147e-07
9.51413e-08
-2.11615e-07
3.59946e-07
-1.37982e-07
5.88949e-07
-3.85085e-08
7.84328e-07
8.80505e-08
9.35759e-07
2.41406e-07
1.03184e-06
4.16136e-07
1.05021e-06
5.9859e-07
9.60225e-07
7.62283e-07
7.33319e-07
3.39779e-07
8.51765e-07
-8.54285e-08
9.34807e-08
-1.74182e-07
-1.77037e-07
-1.80344e-07
9.35843e-08
-1.47367e-07
3.11631e-07
-8.57166e-08
5.08725e-07
-3.91552e-10
6.75529e-07
1.08896e-07
8.02265e-07
2.39272e-07
8.76994e-07
3.83682e-07
8.80666e-07
5.30271e-07
7.93243e-07
6.53383e-07
5.90859e-07
2.78072e-07
7.19529e-07
-5.31187e-08
1.86769e-07
-1.16419e-07
-1.10886e-07
-1.2234e-07
9.12598e-08
-9.65461e-08
2.69887e-07
-4.45541e-08
4.3395e-07
2.89233e-08
5.77332e-07
1.23241e-07
6.84135e-07
2.34189e-07
7.46413e-07
3.54689e-07
7.46322e-07
4.72922e-07
6.64344e-07
5.7056e-07
4.95204e-07
2.24131e-07
6.16701e-07
-2.61135e-08
2.39429e-07
-7.46666e-08
-6.31223e-08
-7.86899e-08
9.18341e-08
-5.76766e-08
2.36635e-07
-1.19711e-08
3.76557e-07
5.15645e-08
4.96563e-07
1.33863e-07
5.85651e-07
2.28953e-07
6.3617e-07
3.29269e-07
6.27832e-07
4.27199e-07
5.57399e-07
5.02239e-07
4.06085e-07
1.93937e-07
5.3933e-07
-7.28969e-09
2.69826e-07
-4.36253e-08
-2.35881e-08
-4.62006e-08
8.74699e-08
-2.7325e-08
2.07493e-07
1.31574e-08
3.1952e-07
6.8996e-08
4.25127e-07
1.4168e-07
4.99012e-07
2.23158e-07
5.44393e-07
3.08977e-07
5.37643e-07
3.89402e-07
4.73814e-07
4.51795e-07
3.51469e-07
1.58722e-07
4.76794e-07
6.9656e-09
2.86202e-07
-2.25373e-08
5.1928e-09
-2.18308e-08
8.60784e-08
-5.18407e-09
1.81554e-07
3.39267e-08
2.75104e-07
8.3314e-08
3.63537e-07
1.50026e-07
4.25643e-07
2.21357e-07
4.63748e-07
2.95498e-07
4.55612e-07
3.64979e-07
4.01622e-07
4.13973e-07
2.92204e-07
1.41229e-07
4.35603e-07
1.72751e-08
2.77236e-07
-7.77312e-09
3.19414e-08
-4.07213e-09
7.7347e-08
1.24331e-08
1.58576e-07
5.2357e-08
2.25058e-07
9.88844e-08
3.09178e-07
1.63736e-07
3.53725e-07
2.29712e-07
3.95064e-07
2.98002e-07
3.84764e-07
3.60617e-07
3.39734e-07
4.04312e-07
2.47687e-07
1.2123e-07
4.20352e-07
2.89931e-08
2.85019e-07
1.41516e-09
4.92289e-08
1.21129e-08
8.13825e-08
2.77556e-08
1.19636e-07
7.75086e-08
1.93639e-07
1.23461e-07
2.34613e-07
1.9798e-07
2.94228e-07
2.64575e-07
3.08153e-07
3.37072e-07
3.13945e-07
4.01316e-07
2.71676e-07
4.46069e-07
2.08019e-07
1.04744e-07
4.60505e-07
3.72145e-08
2.61496e-07
1.57856e-08
7.32335e-08
3.10303e-08
6.77903e-08
5.75339e-08
7.6974e-08
1.19331e-07
1.30307e-07
1.83096e-07
1.46857e-07
2.7643e-07
2.00264e-07
3.64053e-07
2.05592e-07
4.54511e-07
2.16312e-07
5.39304e-07
2.05186e-07
5.9453e-07
1.58123e-07
8.7295e-08
6.10003e-07
6.47367e-08
2.25503e-07
5.8052e-08
8.43588e-08
8.47418e-08
3.90465e-08
1.25669e-07
-1.07668e-08
2.10711e-07
2.58548e-08
3.02e-07
-1.0392e-08
4.33633e-07
5.65955e-08
5.58772e-07
3.61358e-08
6.92489e-07
7.85145e-08
8.2045e-07
1.21202e-07
9.05075e-07
9.6709e-08
5.44163e-08
9.24764e-07
2.26463e-07
3.11449e-07
3.38852e-07
3.24838e-07
3.34428e-07
3.21929e-07
3.68081e-07
4.02289e-07
4.91199e-07
6.18039e-07
7.12569e-07
7.58305e-07
9.74841e-07
-2.12643e-07
7.91642e-07
-7.67349e-07
5.56775e-07
-1.12461e-06
3.2121e-07
-1.28935e-06
1.08789e-07
-1.30156e-06
-7.30869e-08
-1.20448e-06
-2.2432e-07
-1.02792e-06
-3.51193e-07
-7.92226e-07
-4.59946e-07
-5.00644e-07
-5.45965e-07
-1.33121e-07
-6.14665e-07
5.12365e-07
1.21122e-06
8.14156e-07
-1.58752e-07
6.79752e-07
-6.07552e-07
4.97785e-07
-9.14017e-07
3.07567e-07
-1.0693e-06
1.29754e-07
-1.09616e-06
-2.56873e-08
-1.02288e-06
-1.56329e-07
-8.76009e-07
-2.62495e-07
-6.6895e-07
-3.42839e-07
-4.11375e-07
-3.7933e-07
-9.74932e-08
-2.56034e-07
4.04691e-07
8.66792e-07
6.90566e-07
-1.2593e-07
5.89819e-07
-4.85722e-07
4.46885e-07
-7.46125e-07
2.92157e-07
-8.88286e-07
1.43524e-07
-9.234e-07
1.06145e-08
-8.70575e-07
-1.01045e-07
-7.48047e-07
-1.90142e-07
-5.70609e-07
-2.51339e-07
-3.44974e-07
-2.70038e-07
-7.83153e-08
-1.91757e-07
3.03434e-07
7.00459e-07
5.95909e-07
-9.2141e-08
5.17607e-07
-3.9483e-07
4.03479e-07
-6.15637e-07
2.7646e-07
-7.4411e-07
1.51667e-07
-7.80601e-07
3.84032e-08
-7.39768e-07
-5.72507e-08
-6.37689e-07
-1.31824e-07
-4.8345e-07
-1.80037e-07
-2.91812e-07
-1.92188e-07
-6.76133e-08
-1.26733e-07
2.38402e-07
4.82411e-07
5.19937e-07
-7.81845e-08
4.59517e-07
-3.19796e-07
3.66648e-07
-5.097e-07
2.61985e-07
-6.21329e-07
1.56758e-07
-6.59461e-07
5.9546e-08
-6.30129e-07
-2.20983e-08
-5.43996e-07
-8.62565e-08
-4.15414e-07
-1.24963e-07
-2.486e-07
-1.33229e-07
-6.24964e-08
-8.83283e-08
1.73736e-07
3.9304e-07
4.62647e-07
-5.3981e-08
4.13068e-07
-2.65183e-07
3.37023e-07
-4.26551e-07
2.4908e-07
-5.25347e-07
1.59642e-07
-5.61416e-07
7.59657e-08
-5.36073e-07
5.01078e-09
-4.65513e-07
-4.99197e-08
-3.52843e-07
-8.29849e-08
-2.13612e-07
-9.03083e-08
-5.78613e-08
-5.3242e-08
1.31694e-07
2.60551e-07
4.20532e-07
-4.50252e-08
3.80784e-07
-2.18277e-07
3.16494e-07
-3.55898e-07
2.41021e-07
-4.41995e-07
1.63942e-07
-4.7531e-07
8.93178e-08
-4.56406e-07
2.73697e-08
-3.9712e-07
-2.23994e-08
-3.02287e-07
-5.12543e-08
-1.84046e-07
-5.88198e-08
-5.39263e-08
-3.53826e-08
9.17813e-08
2.07061e-07
4.06114e-07
-2.73634e-08
3.71817e-07
-1.80007e-07
3.13971e-07
-2.97898e-07
2.45267e-07
-3.7037e-07
1.74774e-07
-4.03099e-07
1.04421e-07
-3.82382e-07
4.70154e-08
-3.37185e-07
-9.00794e-10
-2.52922e-07
-2.8005e-08
-1.56644e-07
-3.78197e-08
-4.82744e-08
-1.96124e-08
6.62703e-08
1.29753e-07
4.42378e-07
-1.95685e-08
4.09963e-07
-1.37776e-07
3.51303e-07
-2.34679e-07
2.79129e-07
-3.00313e-07
2.07562e-07
-3.18206e-07
1.30355e-07
-3.14528e-07
7.14788e-08
-2.67323e-07
1.77322e-08
-2.08829e-07
-1.10301e-08
-1.26112e-07
-2.47832e-08
-4.20747e-08
-1.25458e-08
4.05857e-08
9.15472e-08
5.84719e-07
-1.16035e-08
5.46039e-07
-8.46534e-08
4.72941e-07
-1.61859e-07
3.83697e-07
-2.08483e-07
2.90582e-07
-2.19441e-07
1.92756e-07
-2.21226e-07
1.14468e-07
-1.84385e-07
4.49297e-08
-1.50029e-07
5.36072e-09
-8.94422e-08
-1.61439e-08
-3.65357e-08
-7.34155e-09
1.19047e-08
1.50011e-08
8.84256e-07
-3.13753e-09
8.28509e-07
-4.77984e-09
7.29748e-07
-5.95487e-08
6.05554e-07
-7.86844e-08
4.70422e-07
-7.04345e-08
3.28122e-07
-8.77123e-08
2.10213e-07
-6.10488e-08
1.06942e-07
-7.40265e-08
4.35793e-08
-4.70409e-08
6.25533e-09
-5.0696e-08
3.98669e-09
-5.62414e-08
-1.1457e-07
7.5889e-07
7.54961e-07
6.9634e-07
6.21356e-07
5.48427e-07
4.62645e-07
3.95044e-07
3.16706e-07
2.58009e-07
1.93108e-07
1.1457e-07
-5.14366e-07
-1.81118e-06
-5.15991e-07
-6.65764e-07
-4.68347e-07
-9.17836e-09
-3.90605e-07
3.44329e-07
-2.9091e-07
6.27861e-07
-1.6669e-07
8.66924e-07
-1.17255e-08
1.05987e-06
1.78915e-07
1.19351e-06
4.0629e-07
1.24096e-06
6.58319e-07
1.15805e-06
8.98578e-07
8.93119e-07
4.01599e-07
1.04582e-06
-2.10748e-07
-1.54081e-06
-3.63894e-07
-5.10392e-07
-3.57968e-07
-2.1439e-08
-3.03187e-07
2.76191e-07
-2.20182e-07
5.25889e-07
-1.12415e-07
7.36273e-07
2.22454e-08
9.02491e-07
1.85021e-07
1.01094e-06
3.72958e-07
1.03911e-06
5.73817e-07
9.52497e-07
7.55754e-07
7.16331e-07
3.10349e-07
8.61563e-07
-1.73844e-07
-1.37443e-06
-2.72015e-07
-4.1436e-07
-2.7298e-07
-2.69066e-08
-2.31969e-07
2.23702e-07
-1.62429e-07
4.42296e-07
-6.90457e-08
6.26876e-07
4.75319e-08
7.69532e-07
1.86474e-07
8.58836e-07
3.42193e-07
8.73779e-07
5.03666e-07
7.90443e-07
6.43872e-07
5.80892e-07
2.45036e-07
7.22885e-07
-1.33078e-07
-1.17438e-06
-2.05232e-07
-3.36377e-07
-2.0724e-07
-2.86151e-08
-1.74425e-07
1.82328e-07
-1.15476e-07
3.70024e-07
-3.45222e-08
5.31187e-07
6.65471e-08
6.55211e-07
1.85139e-07
7.29062e-07
3.14929e-07
7.38656e-07
4.45177e-07
6.57211e-07
5.55755e-07
4.79397e-07
1.98705e-07
6.16205e-07
-1.01327e-07
-1.0562e-06
-1.55935e-07
-2.8091e-07
-1.56303e-07
-3.04997e-08
-1.28753e-07
1.46979e-07
-7.75255e-08
3.09901e-07
-6.65917e-09
4.51262e-07
8.07944e-08
5.5676e-07
1.83118e-07
6.22324e-07
2.90246e-07
6.23247e-07
3.98147e-07
5.57213e-07
4.85633e-07
3.97703e-07
1.63726e-07
5.32953e-07
-7.91918e-08
-9.23929e-07
-1.18958e-07
-2.3458e-07
-1.16942e-07
-3.36965e-08
-9.21554e-08
1.17749e-07
-4.67091e-08
2.57788e-07
1.55679e-08
3.81157e-07
9.26517e-08
4.74979e-07
1.80376e-07
5.2946e-07
2.71348e-07
5.3275e-07
3.59347e-07
4.68351e-07
4.30968e-07
3.38255e-07
1.39764e-07
4.68097e-07
-6.69648e-08
-8.29927e-07
-9.28149e-08
-2.05457e-07
-8.68905e-08
-3.90728e-08
-6.35659e-08
9.12332e-08
-2.18506e-08
2.12466e-07
3.48206e-08
3.20889e-07
1.03137e-07
4.01825e-07
1.81454e-07
4.508e-07
2.57761e-07
4.52296e-07
3.34006e-07
4.01045e-07
3.92382e-07
2.87982e-07
1.21273e-07
4.21917e-07
-6.36505e-08
-7.25662e-07
-7.61926e-08
-1.86878e-07
-6.59139e-08
-4.78304e-08
-4.24305e-08
6.71081e-08
-1.6224e-09
1.70536e-07
5.27744e-08
2.65178e-07
1.17081e-07
3.37795e-07
1.90786e-07
3.77807e-07
2.59011e-07
3.84542e-07
3.28216e-07
3.35651e-07
3.79063e-07
2.44788e-07
1.0778e-07
4.03292e-07
-6.95909e-08
-6.18616e-07
-7.1579e-08
-1.83415e-07
-5.57261e-08
-5.63191e-08
-3.01706e-08
3.70131e-08
1.53035e-08
1.28081e-07
7.42667e-08
2.04631e-07
1.42075e-07
2.64911e-07
2.21772e-07
3.0457e-07
2.89472e-07
3.06444e-07
3.62973e-07
2.77488e-07
4.13694e-07
2.06423e-07
9.3679e-08
4.35683e-07
-8.83823e-08
-4.76907e-07
-8.3961e-08
-1.75048e-07
-6.36858e-08
-6.52346e-08
-3.00163e-08
3.05364e-09
2.91598e-08
7.40976e-08
1.05244e-07
1.27256e-07
1.93907e-07
1.75947e-07
2.94823e-07
2.094e-07
3.81808e-07
2.11255e-07
4.75971e-07
2.14057e-07
5.39816e-07
1.65155e-07
8.49699e-08
5.65715e-07
-1.27039e-07
-2.46516e-07
-1.36295e-07
-1.21676e-07
-1.16174e-07
-5.00329e-08
-7.14866e-08
-3.30743e-08
1.1677e-08
6.4577e-09
1.19416e-07
2.08718e-08
2.48841e-07
5.03685e-08
3.92564e-07
7.54657e-08
5.24915e-07
7.86845e-08
6.68173e-07
1.56728e-07
7.7014e-07
1.42065e-07
1.03517e-07
8.12078e-07
-2.33204e-07
-3.45962e-07
-3.94205e-07
-4.23484e-07
-4.16606e-07
-3.95231e-07
-3.41873e-07
-2.68015e-07
-1.6957e-07
5.50484e-09
1.61694e-07
2.74079e-07
9.96588e-07
-2.65457e-07
8.0212e-07
-8.40351e-07
5.59308e-07
-1.20643e-06
3.24633e-07
-1.37679e-06
1.19248e-07
-1.3925e-06
-5.26417e-08
-1.30123e-06
-1.93354e-07
-1.13242e-06
-3.08277e-07
-9.07646e-07
-4.01255e-07
-6.3266e-07
-4.70884e-07
-3.09715e-07
-5.07559e-07
1.56682e-07
-6.18975e-07
8.30052e-07
-2.13117e-07
6.87599e-07
-6.78167e-07
4.98748e-07
-9.97078e-07
3.09929e-07
-1.15666e-06
1.38401e-07
-1.18831e-06
-7.8338e-09
-1.1207e-06
-1.2899e-07
-9.81387e-07
-2.24794e-07
-7.85854e-07
-2.94117e-07
-5.43743e-07
-3.19502e-07
-2.66462e-07
-2.16574e-07
6.06414e-08
-7.53568e-07
7.02075e-07
-1.75181e-07
5.94318e-07
-5.57498e-07
4.4676e-07
-8.28908e-07
2.93168e-07
-9.78802e-07
1.50553e-07
-1.01691e-06
2.61033e-08
-9.69803e-07
-7.7213e-08
-8.5444e-07
-1.56963e-07
-6.87488e-07
-2.09669e-07
-4.77782e-07
-2.23068e-07
-2.44674e-07
-1.41791e-07
4.89897e-09
-8.81929e-07
6.01865e-07
-1.43998e-07
5.19389e-07
-4.60183e-07
4.01576e-07
-6.96557e-07
2.76592e-07
-8.31678e-07
1.57236e-07
-8.73873e-07
5.17632e-08
-8.39471e-07
-3.6403e-08
-7.42011e-07
-1.02961e-07
-6.00551e-07
-1.44306e-07
-4.18766e-07
-1.49892e-07
-2.23383e-07
-9.15511e-08
-4.37815e-08
-8.8572e-07
5.2284e-07
-1.20147e-07
4.57788e-07
-3.86891e-07
3.63424e-07
-5.89493e-07
2.60547e-07
-7.14311e-07
1.60898e-07
-7.52328e-07
7.14666e-08
-7.30428e-07
-4.49955e-09
-6.48049e-07
-6.0025e-08
-5.28841e-07
-9.39876e-08
-3.74552e-07
-9.64157e-08
-2.11921e-07
-4.57058e-08
-7.25992e-08
-9.12778e-07
4.60337e-07
-9.85294e-08
4.08758e-07
-3.24142e-07
3.31367e-07
-5.04213e-07
2.47268e-07
-6.16577e-07
1.62457e-07
-6.51714e-07
8.6707e-08
-6.38883e-07
2.04238e-08
-5.64259e-07
-2.66626e-08
-4.67811e-07
-5.54809e-08
-3.31193e-07
-5.50864e-08
-1.99842e-07
-1.7981e-08
-9.84715e-08
-8.40469e-07
4.15655e-07
-7.9778e-08
3.72946e-07
-2.74125e-07
3.08734e-07
-4.32583e-07
2.38854e-07
-5.31453e-07
1.64878e-07
-5.64686e-07
1.00626e-07
-5.55291e-07
3.96974e-08
-4.93519e-07
3.45545e-10
-4.11496e-07
-2.71129e-08
-2.97657e-07
-2.48511e-08
-1.90762e-07
8.76626e-09
-1.13353e-07
-8.08103e-07
3.97232e-07
-6.10523e-08
3.59805e-07
-2.27434e-07
3.04044e-07
-3.63397e-07
2.42385e-07
-4.59526e-07
1.74734e-07
-4.78919e-07
1.16449e-07
-4.86093e-07
5.77095e-08
-4.17382e-07
2.20227e-08
-3.64768e-07
-5.91481e-09
-2.54618e-07
-1.76148e-09
-1.82329e-07
2.68337e-08
-1.2654e-07
-7.27445e-07
4.28555e-07
-4.42208e-08
3.9168e-07
-1.8349e-07
3.34423e-07
-3.09395e-07
2.77322e-07
-3.63606e-07
2.02053e-07
-4.13857e-07
1.48614e-07
-3.80146e-07
7.77727e-08
-3.70356e-07
4.73233e-08
-2.84433e-07
9.04852e-09
-2.39485e-07
1.78916e-08
-1.55642e-07
4.27685e-08
-1.59715e-07
-6.37953e-07
5.55288e-07
-2.04133e-08
5.08262e-07
-1.37194e-07
4.44233e-07
-2.17293e-07
3.70548e-07
-2.54529e-07
2.83863e-07
-2.86563e-07
2.09886e-07
-2.55622e-07
1.26356e-07
-2.61048e-07
7.99801e-08
-1.91851e-07
3.48053e-08
-1.7791e-07
3.75343e-08
-1.18389e-07
6.73746e-08
-1.62455e-07
-5.25832e-07
7.94232e-07
3.6963e-08
7.2632e-07
-4.41726e-08
6.43592e-07
-5.45142e-08
5.49592e-07
-3.08243e-08
4.36929e-07
-3.58264e-08
3.36302e-07
1.91218e-08
2.23484e-07
-3.98479e-08
1.57971e-07
2.74012e-08
9.64834e-08
-3.29146e-08
9.44332e-08
1.91844e-08
1.09989e-07
-9.85265e-08
-3.20295e-07
3.29905e-07
3.02923e-07
2.77856e-07
2.77217e-07
2.82645e-07
3.25349e-07
3.22382e-07
3.67829e-07
3.66693e-07
4.02903e-07
3.20295e-07
-4.18804e-07
3.29195e-07
-4.00957e-07
-2.94651e-07
-3.53675e-07
1.80972e-07
-2.81794e-07
4.99153e-07
-1.89741e-07
7.64948e-07
-7.2909e-08
9.88569e-07
7.48482e-08
1.16545e-06
2.57258e-07
1.28255e-06
4.70936e-07
1.31222e-06
7.05426e-07
1.22006e-06
9.26006e-07
9.52437e-07
4.75432e-07
-1.3686e-07
4.9447e-07
-2.57341e-07
-1.72545e-07
-2.5048e-07
1.6263e-07
-2.00883e-07
4.27794e-07
-1.25202e-07
6.57594e-07
-2.48552e-08
8.51619e-07
1.02595e-07
1.00099e-06
2.56978e-07
1.09294e-06
4.33781e-07
1.1068e-06
6.19214e-07
1.01066e-06
7.86553e-07
7.78004e-07
3.75073e-07
-9.02459e-08
6.21618e-07
-1.71307e-07
-9.23368e-08
-1.72073e-07
1.55894e-07
-1.36393e-07
3.76038e-07
-7.35067e-08
5.73295e-07
1.24886e-08
7.40142e-07
1.22078e-07
8.63298e-07
2.5339e-07
9.35499e-07
3.99372e-07
9.33139e-07
5.49006e-07
8.42037e-07
6.74773e-07
6.325e-07
3.12061e-07
-4.98588e-08
6.81729e-07
-1.09559e-07
-3.28341e-08
-1.12433e-07
1.48283e-07
-8.55452e-08
3.29746e-07
-3.25613e-08
4.94041e-07
4.07218e-08
6.37227e-07
1.35532e-07
7.40894e-07
2.46602e-07
8.00409e-07
3.69149e-07
7.9512e-07
4.89568e-07
7.10143e-07
5.89708e-07
5.35345e-07
2.54575e-07
-1.72215e-08
7.29525e-07
-6.49953e-08
1.32444e-08
-6.73675e-08
1.47486e-07
-4.66701e-08
2.94614e-07
-2.71885e-10
4.33039e-07
6.24732e-08
5.5408e-07
1.45247e-07
6.37897e-07
2.3999e-07
6.87975e-07
3.42715e-07
6.73158e-07
4.42246e-07
6.03085e-07
5.18843e-07
4.4474e-07
2.22563e-07
4.79904e-09
7.06942e-07
-3.18897e-08
4.89209e-08
-3.38545e-08
1.37625e-07
-1.66971e-08
2.63594e-07
2.47913e-08
3.69061e-07
7.86487e-08
4.8024e-07
1.5267e-07
5.43686e-07
2.32673e-07
5.94817e-07
3.22151e-07
5.76717e-07
4.02681e-07
5.20843e-07
4.65975e-07
3.90115e-07
1.84416e-07
2.3999e-08
7.06607e-07
-9.96792e-09
7.80821e-08
-7.90793e-09
1.37433e-07
4.14796e-09
2.34968e-07
4.64131e-08
3.22866e-07
9.08618e-08
4.14139e-07
1.6189e-07
4.68366e-07
2.28583e-07
5.09988e-07
3.0997e-07
4.94696e-07
3.76441e-07
4.48312e-07
4.25396e-07
3.30073e-07
1.63399e-07
3.90164e-08
6.28953e-07
5.90877e-09
1.08693e-07
1.10972e-08
1.19158e-07
2.11091e-08
2.15528e-07
6.56219e-08
2.58544e-07
1.05265e-07
3.64666e-07
1.76465e-07
3.80454e-07
2.35905e-07
4.49304e-07
3.14233e-07
4.11e-07
3.70758e-07
3.9774e-07
4.13047e-07
2.8454e-07
1.43015e-07
6.16816e-08
6.36414e-07
1.44727e-08
1.20967e-07
3.32186e-08
1.45417e-07
3.34401e-08
1.51964e-07
9.72833e-08
2.52465e-07
1.25378e-07
2.57763e-07
2.18169e-07
3.51934e-07
2.66435e-07
3.27107e-07
3.62227e-07
3.72902e-07
4.0908e-07
2.98693e-07
4.53328e-07
2.47989e-07
1.1442e-07
7.34746e-08
5.32053e-07
3.71374e-08
1.48997e-07
5.70394e-08
1.26883e-07
7.15213e-08
1.01969e-07
1.42403e-07
1.79306e-07
1.92875e-07
1.62682e-07
2.99485e-07
2.49996e-07
3.7485e-07
2.18983e-07
4.86531e-07
2.75151e-07
5.53629e-07
2.17671e-07
5.99154e-07
1.68364e-07
1.19158e-07
1.16086e-07
3.62616e-07
1.01953e-07
1.25541e-07
1.36151e-07
8.03125e-08
1.62519e-07
-3.53044e-08
2.56558e-07
5.43868e-08
3.31597e-07
-4.52896e-08
4.78784e-07
9.8174e-08
5.92844e-07
1.3764e-08
7.55017e-07
1.55436e-07
8.51989e-07
5.58806e-08
9.19883e-07
4.21864e-08
1.38087e-07
3.49282e-07
4.74419e-07
5.26954e-07
4.87282e-07
5.08204e-07
4.64199e-07
5.38846e-07
5.638e-07
7.05205e-07
7.45304e-07
8.04651e-07
)
;

boundaryField
{
    rotor
    {
        type            calculated;
        value           uniform 0;
    }
    stator
    {
        type            calculated;
        value           uniform 0;
    }
    front
    {
        type            empty;
        value           nonuniform 0();
    }
    back
    {
        type            empty;
        value           nonuniform 0();
    }
}


// ************************************************************************* //
