/*--------------------------------*- C++ -*----------------------------------*\
  =========                 |
  \\      /  F ield         | OpenFOAM: The Open Source CFD Toolbox
   \\    /   O peration     | Website:  https://openfoam.org
    \\  /    A nd           | Version:  6
     \\/     M anipulation  |
\*---------------------------------------------------------------------------*/
FoamFile
{
    version     2.0;
    format      ascii;
    class       surfaceScalarField;
    location    "500";
    object      phi;
}
// * * * * * * * * * * * * * * * * * * * * * * * * * * * * * * * * * * * * * //

dimensions      [0 3 -1 0 0 0 0];

internalField   nonuniform List<scalar> 
5952
(
-2.78817e-07
2.82581e-07
-2.09294e-07
-5.8469e-08
-9.42207e-08
-1.11621e-07
6.63291e-08
-1.44631e-07
2.29802e-07
-1.60139e-07
4.10004e-07
-1.59801e-07
5.62321e-07
-1.49765e-07
7.13076e-07
-1.29988e-07
8.19941e-07
-1.05921e-07
9.12919e-07
-7.6693e-08
9.54291e-07
-4.65168e-08
-1.32803e-08
9.78016e-07
3.63628e-07
-7.43457e-08
5.35992e-07
-2.2185e-07
7.20734e-07
-2.90683e-07
9.25123e-07
-3.36359e-07
1.12416e-06
-3.52631e-07
1.32093e-06
-3.42745e-07
1.49143e-06
-3.13816e-07
1.64517e-06
-2.70179e-07
1.76007e-06
-2.17546e-07
1.85013e-06
-1.57667e-07
1.89758e-06
-9.42978e-08
-2.7962e-08
1.9175e-06
4.08083e-07
-4.73105e-07
7.10644e-07
-5.13752e-07
1.00781e-06
-5.80073e-07
1.3018e-06
-6.17934e-07
1.57372e-06
-6.16242e-07
1.82439e-06
-5.80234e-07
2.03698e-06
-5.19187e-07
2.21845e-06
-4.40099e-07
2.35529e-06
-3.49628e-07
2.45736e-06
-2.51571e-07
2.51381e-06
-1.49359e-07
-4.45164e-08
2.53501e-06
5.4383e-07
-1.00196e-06
9.69959e-07
-9.26155e-07
1.38419e-06
-9.83093e-07
1.77602e-06
-9.95012e-07
2.12562e-06
-9.54916e-07
2.43319e-06
-8.73201e-07
2.68742e-06
-7.63811e-07
2.89651e-06
-6.36126e-07
3.05223e-06
-4.98769e-07
3.16541e-06
-3.55103e-07
3.22867e-06
-2.09274e-07
-6.17258e-08
3.25149e-06
7.36354e-07
-1.71175e-06
1.31604e-06
-1.48323e-06
1.86394e-06
-1.51123e-06
2.3599e-06
-1.46895e-06
2.78696e-06
-1.36375e-06
3.14647e-06
-1.212e-06
3.43584e-06
-1.03747e-06
3.66496e-06
-8.47645e-07
3.83413e-06
-6.56079e-07
3.95313e-06
-4.60838e-07
4.02047e-06
-2.69923e-07
-7.63859e-08
4.044e-06
9.91837e-07
-2.66004e-06
1.7631e-06
-2.21919e-06
2.46574e-06
-2.17213e-06
3.06566e-06
-2.03515e-06
3.5648e-06
-1.82355e-06
3.96086e-06
-1.57951e-06
4.27518e-06
-1.31731e-06
4.5096e-06
-1.06064e-06
4.68599e-06
-8.0448e-07
4.80047e-06
-5.62471e-07
4.87229e-06
-3.20652e-07
-9.02682e-08
4.89046e-06
1.3333e-06
-3.91477e-06
2.34728e-06
-3.17376e-06
3.21054e-06
-2.98462e-06
3.91292e-06
-2.68214e-06
4.4558e-06
-2.32316e-06
4.87638e-06
-1.95089e-06
5.18615e-06
-1.59358e-06
5.42146e-06
-1.25513e-06
5.58206e-06
-9.42791e-07
5.69704e-06
-6.46126e-07
5.75565e-06
-3.68124e-07
-9.44637e-08
5.78084e-06
1.79622e-06
-5.67084e-06
3.10815e-06
-4.4356e-06
4.13742e-06
-3.96884e-06
4.90812e-06
-3.40598e-06
5.46708e-06
-2.84122e-06
5.87296e-06
-2.31743e-06
6.1636e-06
-1.84985e-06
6.37211e-06
-1.43351e-06
6.51665e-06
-1.061e-06
6.6124e-06
-7.21227e-07
6.66659e-06
-4.0482e-07
-1.01366e-07
6.68482e-06
2.47317e-06
-8.07145e-06
4.12789e-06
-6.0489e-06
5.28746e-06
-5.09123e-06
6.06574e-06
-4.15038e-06
6.58719e-06
-3.33045e-06
6.94097e-06
-2.64122e-06
7.18418e-06
-2.06597e-06
7.35218e-06
-1.57698e-06
7.46652e-06
-1.15414e-06
7.54071e-06
-7.77342e-07
7.58295e-06
-4.32399e-07
-1.04777e-07
7.59764e-06
3.50062e-06
-1.15522e-05
5.51729e-06
-8.04528e-06
6.69949e-06
-6.25108e-06
7.38281e-06
-4.8176e-06
7.79695e-06
-3.72465e-06
8.05695e-06
-2.88584e-06
8.22921e-06
-2.22052e-06
8.3429e-06
-1.67692e-06
8.41945e-06
-1.21614e-06
8.46754e-06
-8.13914e-07
8.49556e-06
-4.49404e-07
-1.0728e-07
8.50568e-06
5.25463e-06
-1.67924e-05
7.44543e-06
-1.02299e-05
8.39162e-06
-7.19107e-06
8.82987e-06
-5.2479e-06
9.05884e-06
-3.94456e-06
9.19219e-06
-3.00929e-06
9.27561e-06
-2.29359e-06
9.32887e-06
-1.71997e-06
9.36273e-06
-1.23968e-06
9.38333e-06
-8.2436e-07
9.39505e-06
-4.51942e-07
-1.05043e-07
9.4007e-06
8.67141e-06
-2.54694e-05
1.00833e-05
-1.16516e-05
1.03099e-05
-7.42872e-06
1.03312e-05
-5.27354e-06
1.03209e-05
-3.93921e-06
1.03116e-05
-2.99992e-06
1.03027e-05
-2.28553e-06
1.02953e-05
-1.71018e-06
1.0287e-05
-1.22891e-06
1.02798e-05
-8.12553e-07
1.0275e-05
-4.42352e-07
1.02754e-05
-1.00986e-07
9.51964e-07
1.91027e-08
9.05211e-07
5.23061e-08
8.13656e-07
8.29908e-08
7.02981e-07
1.12228e-07
5.58779e-07
1.36588e-07
4.01992e-07
1.55709e-07
2.30325e-07
1.65883e-07
6.22193e-08
1.64946e-07
-9.15962e-08
1.49832e-07
-2.10237e-07
1.1575e-07
-2.76232e-07
6.29439e-08
-2.77306e-07
1.8953e-06
3.85676e-08
1.84431e-06
1.0503e-07
1.75418e-06
1.6881e-07
1.6365e-06
2.28985e-07
1.48628e-06
2.82117e-07
1.31387e-06
3.2546e-07
1.12142e-06
3.54069e-07
9.19914e-07
3.6268e-07
7.2025e-07
3.45808e-07
5.33827e-07
2.99179e-07
3.63605e-07
2.29797e-07
8.54977e-08
2.51174e-06
6.08375e-08
2.45227e-06
1.65816e-07
2.34988e-06
2.68516e-07
2.21061e-06
3.6703e-07
2.03096e-06
4.57935e-07
1.81643e-06
5.36915e-07
1.56852e-06
5.97563e-07
1.29487e-06
6.32241e-07
1.0043e-06
6.32642e-07
7.06324e-07
5.93507e-07
4.07072e-07
5.27134e-07
4.92801e-07
3.2268e-06
8.59753e-08
3.16113e-06
2.33744e-07
3.04754e-06
3.8039e-07
2.88931e-06
5.24421e-07
2.68104e-06
6.62572e-07
2.42436e-06
7.89994e-07
2.11838e-06
8.99122e-07
1.7669e-06
9.79233e-07
1.37798e-06
1.01863e-06
9.64427e-07
1.006e-06
5.42582e-07
9.49227e-07
1.03342e-06
4.01892e-06
1.13082e-07
3.9501e-06
3.07079e-07
3.82996e-06
4.9898e-07
3.65892e-06
6.94937e-07
3.42892e-06
8.87777e-07
3.13716e-06
1.07723e-06
2.77755e-06
1.25245e-06
2.35011e-06
1.40318e-06
1.8565e-06
1.50853e-06
1.30973e-06
1.54765e-06
7.32444e-07
1.52028e-06
1.76342e-06
4.87136e-06
1.45894e-07
4.79877e-06
3.77328e-07
4.68276e-06
6.19916e-07
4.50525e-06
8.64496e-07
4.26768e-06
1.12118e-06
3.95249e-06
1.38057e-06
3.55436e-06
1.64265e-06
3.05661e-06
1.88818e-06
2.45395e-06
2.09592e-06
1.75674e-06
2.23681e-06
9.87309e-07
2.28099e-06
2.73991e-06
5.75598e-06
1.72463e-07
5.69625e-06
4.47221e-07
5.58188e-06
7.27666e-07
5.41772e-06
1.02687e-06
5.18187e-06
1.34245e-06
4.86789e-06
1.68389e-06
4.44748e-06
2.04388e-06
3.89985e-06
2.41847e-06
3.20352e-06
2.78301e-06
2.33667e-06
3.08304e-06
1.32376e-06
3.27676e-06
4.06244e-06
6.66805e-06
1.98256e-07
6.61415e-06
5.03019e-07
6.51911e-06
8.23037e-07
6.37174e-06
1.16575e-06
6.16242e-06
1.54367e-06
5.8673e-06
1.96366e-06
5.4615e-06
2.43812e-06
4.90141e-06
2.96661e-06
4.12804e-06
3.53435e-06
3.10158e-06
4.1076e-06
1.79562e-06
4.57834e-06
5.84741e-06
7.5856e-06
2.17288e-07
7.54574e-06
5.46821e-07
7.47164e-06
8.95288e-07
7.35674e-06
1.2764e-06
7.18633e-06
1.70509e-06
6.94164e-06
2.19981e-06
6.58618e-06
2.78285e-06
6.06234e-06
3.47937e-06
5.28778e-06
4.31296e-06
4.12434e-06
5.25753e-06
2.46426e-06
6.22895e-06
8.31646e-06
8.49974e-06
2.28741e-07
8.47537e-06
5.73163e-07
8.42802e-06
9.40832e-07
8.35214e-06
1.34869e-06
8.23597e-06
1.81473e-06
8.06392e-06
2.36675e-06
7.80205e-06
3.04032e-06
7.39094e-06
3.8905e-06
6.70293e-06
4.99134e-06
5.52335e-06
6.44678e-06
3.50336e-06
8.25407e-06
1.18195e-05
9.40083e-06
2.3385e-07
9.39336e-06
5.82705e-07
9.37527e-06
9.58621e-07
9.3418e-06
1.37921e-06
9.28836e-06
1.86545e-06
9.20504e-06
2.4477e-06
9.07221e-06
3.17187e-06
8.84386e-06
4.11881e-06
8.40947e-06
5.43696e-06
7.45938e-06
7.39553e-06
5.26395e-06
1.04563e-05
1.70997e-05
1.02819e-05
2.30531e-07
1.02919e-05
5.73747e-07
1.03028e-05
9.47864e-07
1.03119e-05
1.36864e-06
1.03208e-05
1.85689e-06
1.03297e-05
2.43945e-06
1.03417e-05
3.16394e-06
1.0354e-05
4.11282e-06
1.0335e-05
5.45956e-06
1.0111e-05
7.63465e-06
8.69955e-06
1.1887e-05
2.57971e-05
2.80966e-07
7.04744e-07
2.27474e-07
1.08647e-07
2.17417e-07
-1.48927e-08
3.2636e-07
-8.26229e-08
4.26436e-07
-1.20404e-07
5.78814e-07
-1.31514e-07
6.93831e-07
-1.29987e-07
8.26871e-07
-1.14729e-07
9.08876e-07
-9.46713e-08
9.90841e-07
-6.71897e-08
1.01755e-06
-3.8757e-08
-6.36331e-09
1.03442e-06
5.34726e-07
2.04463e-07
7.49942e-07
-6.93479e-08
9.16708e-07
-1.78694e-07
1.10736e-06
-2.53909e-07
1.27704e-06
-2.92635e-07
1.45587e-06
-2.97815e-07
1.60244e-06
-2.79979e-07
1.74095e-06
-2.43822e-07
1.8388e-06
-1.96477e-07
1.91852e-06
-1.40361e-07
1.9547e-06
-7.97077e-08
-1.55307e-08
1.96748e-06
4.93012e-07
-2.64981e-07
8.37e-07
-3.8609e-07
1.14156e-06
-4.76015e-07
1.43811e-06
-5.34413e-07
1.69703e-06
-5.51164e-07
1.93848e-06
-5.28536e-07
2.13475e-06
-4.78613e-07
2.30558e-06
-4.07101e-07
2.42831e-06
-3.23032e-07
2.52209e-06
-2.29078e-07
2.56814e-06
-1.30621e-07
-2.83147e-08
2.58331e-06
5.9847e-07
-8.40459e-07
1.05387e-06
-8.22164e-07
1.4817e-06
-8.94844e-07
1.88026e-06
-9.20535e-07
2.22639e-06
-8.97417e-07
2.52887e-06
-8.23545e-07
2.77326e-06
-7.27424e-07
2.97368e-06
-6.02689e-07
3.11936e-06
-4.75163e-07
3.22471e-06
-3.31368e-07
3.27963e-06
-1.93261e-07
-4.38485e-08
3.29685e-06
7.74596e-07
-1.58559e-06
1.37587e-06
-1.3995e-06
1.94087e-06
-1.43727e-06
2.43844e-06
-1.41398e-06
2.87692e-06
-1.31065e-06
3.22236e-06
-1.18139e-06
3.51856e-06
-1.0019e-06
3.7276e-06
-8.32047e-07
3.90282e-06
-6.31033e-07
4.00098e-06
-4.53195e-07
4.0755e-06
-2.50645e-07
-7.3056e-08
4.07968e-06
1.01926e-06
-2.54764e-06
1.8101e-06
-2.1473e-06
2.51726e-06
-2.11238e-06
3.14258e-06
-1.98382e-06
3.62464e-06
-1.79652e-06
4.0446e-06
-1.54831e-06
4.33118e-06
-1.30815e-06
4.58614e-06
-1.04194e-06
4.73136e-06
-8.04746e-07
4.86508e-06
-5.49835e-07
4.90585e-06
-3.24927e-07
-8.12731e-08
4.94264e-06
1.34579e-06
-3.86392e-06
2.38008e-06
-3.12661e-06
3.25233e-06
-2.95372e-06
3.96129e-06
-2.65498e-06
4.52099e-06
-2.30092e-06
4.93433e-06
-1.94134e-06
5.25391e-06
-1.58662e-06
5.47583e-06
-1.2575e-06
5.64313e-06
-9.43613e-07
5.74185e-06
-6.53352e-07
5.80528e-06
-3.71663e-07
-1.03722e-07
5.81556e-06
1.81939e-06
-5.63185e-06
3.12412e-06
-4.42297e-06
4.17538e-06
-3.94477e-06
4.95144e-06
-3.39547e-06
5.51918e-06
-2.83636e-06
5.92829e-06
-2.3198e-06
6.22175e-06
-1.8568e-06
6.42816e-06
-1.44513e-06
6.57115e-06
-1.07405e-06
6.66111e-06
-7.35732e-07
6.71034e-06
-4.1944e-07
-1.16839e-07
6.72292e-06
2.47801e-06
-8.10985e-06
4.15424e-06
-6.06102e-06
5.31296e-06
-5.11194e-06
6.10379e-06
-4.15991e-06
6.63256e-06
-3.34098e-06
6.99197e-06
-2.65567e-06
7.23791e-06
-2.08358e-06
7.40677e-06
-1.59793e-06
7.51953e-06
-1.1758e-06
7.58918e-06
-8.00182e-07
7.62581e-06
-4.54761e-07
-1.28278e-07
7.63399e-06
3.52172e-06
-1.16118e-05
5.53655e-06
-8.09313e-06
6.73384e-06
-6.27279e-06
7.41982e-06
-4.84131e-06
7.83889e-06
-3.74673e-06
8.10508e-06
-2.9076e-06
8.27992e-06
-2.24556e-06
8.39659e-06
-1.70304e-06
8.47119e-06
-1.24452e-06
8.51608e-06
-8.42041e-07
8.53723e-06
-4.78424e-07
-1.36777e-07
8.54061e-06
5.27496e-06
-1.68994e-05
7.48329e-06
-1.02852e-05
8.42423e-06
-7.24318e-06
8.86771e-06
-5.2794e-06
9.10063e-06
-3.97026e-06
9.23754e-06
-3.03438e-06
9.32509e-06
-2.32007e-06
9.38046e-06
-1.74836e-06
9.41419e-06
-1.27001e-06
9.4308e-06
-8.55848e-07
9.43601e-06
-4.84419e-07
-1.39239e-07
9.43351e-06
8.71372e-06
-2.5611e-05
1.01228e-05
-1.17172e-05
1.03554e-05
-7.45984e-06
1.03723e-05
-5.30262e-06
1.03626e-05
-3.96333e-06
1.03555e-05
-3.02325e-06
1.03504e-05
-2.30964e-06
1.03451e-05
-1.73745e-06
1.03371e-05
-1.25846e-06
1.03261e-05
-8.44824e-07
1.03143e-05
-4.76627e-07
1.03059e-05
-1.37686e-07
9.97769e-07
2.49275e-08
9.46397e-07
5.77197e-08
8.47647e-07
8.77497e-08
7.33986e-07
1.16668e-07
5.84158e-07
1.40426e-07
4.25231e-07
1.59268e-07
2.49341e-07
1.68946e-07
7.88155e-08
1.67775e-07
-7.89417e-08
1.52313e-07
-2.01572e-07
1.18087e-07
-2.72033e-07
6.50944e-08
-2.739e-07
1.93722e-06
4.9435e-08
1.8812e-06
1.14588e-07
1.78525e-06
1.77462e-07
1.66397e-06
2.36679e-07
1.50936e-06
2.89078e-07
1.33433e-06
3.31657e-07
1.13864e-06
3.59611e-07
9.34547e-07
3.67688e-07
7.31745e-07
3.50474e-07
5.41451e-07
3.03482e-07
3.67005e-07
2.33788e-07
9.14636e-08
2.55226e-06
7.48053e-08
2.48852e-06
1.78274e-07
2.37994e-06
2.7954e-07
2.23747e-06
3.77056e-07
2.05316e-06
4.66881e-07
1.83617e-06
5.44903e-07
1.58518e-06
6.04915e-07
1.30929e-06
6.387e-07
1.0154e-06
6.38639e-07
7.13519e-07
5.98843e-07
4.10296e-07
5.32282e-07
4.99942e-07
3.26556e-06
9.73877e-08
3.19564e-06
2.4763e-07
3.07654e-06
3.89449e-07
2.91483e-06
5.35527e-07
2.70203e-06
6.6996e-07
2.44344e-06
7.98689e-07
2.13378e-06
9.04458e-07
1.78084e-06
9.85239e-07
1.38812e-06
1.02253e-06
9.71464e-07
1.01003e-06
5.45068e-07
9.53654e-07
1.03663e-06
4.06251e-06
1.27966e-07
3.9774e-06
3.08839e-07
3.86288e-06
5.10168e-07
3.67888e-06
6.96379e-07
3.45247e-06
8.95177e-07
3.15112e-06
1.07724e-06
2.79436e-06
1.25555e-06
2.36088e-06
1.40107e-06
1.86705e-06
1.5079e-06
1.31756e-06
1.54727e-06
7.306e-07
1.51512e-06
1.75868e-06
4.89726e-06
1.39992e-07
4.83951e-06
3.82496e-07
4.70255e-06
6.13336e-07
4.53374e-06
8.64905e-07
4.28126e-06
1.11248e-06
3.97092e-06
1.37513e-06
3.56414e-06
1.63028e-06
3.06959e-06
1.87781e-06
2.46496e-06
2.08249e-06
1.75803e-06
2.21643e-06
9.88408e-07
2.26891e-06
2.70913e-06
5.79526e-06
1.66424e-07
5.72321e-06
4.35086e-07
5.61015e-06
7.17056e-07
5.4355e-06
1.00914e-06
5.19942e-06
1.32461e-06
4.87817e-06
1.65901e-06
4.4597e-06
2.01904e-06
3.90926e-06
2.38698e-06
3.20628e-06
2.74674e-06
2.3479e-06
3.05377e-06
1.31014e-06
3.22772e-06
4.01168e-06
6.70106e-06
1.80971e-07
6.64273e-06
4.8382e-07
6.54002e-06
7.98364e-07
6.38942e-06
1.13803e-06
6.17269e-06
1.50858e-06
5.87763e-06
1.92581e-06
5.46682e-06
2.3928e-06
4.90588e-06
2.91809e-06
4.13807e-06
3.48314e-06
3.09231e-06
4.03752e-06
1.79534e-06
4.52711e-06
5.75802e-06
7.61677e-06
1.92294e-07
7.56926e-06
5.17672e-07
7.48972e-06
8.61031e-07
7.36767e-06
1.23604e-06
7.19405e-06
1.65811e-06
6.94514e-06
2.14704e-06
6.58858e-06
2.72357e-06
6.06434e-06
3.41349e-06
5.2806e-06
4.23609e-06
4.13225e-06
5.18966e-06
2.44598e-06
6.12953e-06
8.21042e-06
8.52736e-06
1.96731e-07
8.49463e-06
5.36311e-07
8.44107e-06
8.98843e-07
8.35768e-06
1.29864e-06
8.23897e-06
1.7592e-06
8.06216e-06
2.30277e-06
7.79911e-06
2.9702e-06
7.38408e-06
3.81255e-06
6.70305e-06
4.90893e-06
5.5058e-06
6.33998e-06
3.50053e-06
8.16395e-06
1.16863e-05
9.42474e-06
1.9662e-07
9.40877e-06
5.40178e-07
9.38242e-06
9.0995e-07
9.34336e-06
1.32304e-06
9.28526e-06
1.80271e-06
9.19889e-06
2.37712e-06
9.06369e-06
3.09497e-06
8.83386e-06
4.0331e-06
8.3921e-06
5.34054e-06
7.45395e-06
7.3013e-06
5.24843e-06
1.03361e-05
1.69382e-05
1.03022e-05
1.89836e-07
1.03032e-05
5.28252e-07
1.0305e-05
8.95079e-07
1.03092e-05
1.31005e-06
1.03127e-05
1.79035e-06
1.03196e-05
2.36724e-06
1.03276e-05
3.08382e-06
1.03372e-05
4.02703e-06
1.03193e-05
5.36768e-06
1.0089e-05
7.52816e-06
8.67699e-06
1.17719e-05
2.56254e-05
-2.78281e-07
2.81895e-07
-2.08279e-07
-5.88752e-08
-9.29397e-08
-1.12031e-07
6.80878e-08
-1.45021e-07
2.31786e-07
-1.60522e-07
4.12436e-07
-1.60151e-07
5.64923e-07
-1.50102e-07
7.16042e-07
-1.30287e-07
8.23004e-07
-1.062e-07
9.16213e-07
-7.69351e-08
9.57553e-07
-4.67376e-08
-1.34583e-08
9.81366e-07
3.64137e-07
-7.56918e-08
5.36936e-07
-2.22718e-07
7.21993e-07
-2.9154e-07
9.26799e-07
-3.37185e-07
1.12611e-06
-3.5343e-07
1.32326e-06
-3.43498e-07
1.49398e-06
-3.14525e-07
1.64801e-06
-2.70832e-07
1.76305e-06
-2.18149e-07
1.85329e-06
-1.58206e-07
1.90077e-06
-9.47723e-08
-2.83569e-08
1.92075e-06
4.08644e-07
-4.75215e-07
7.11653e-07
-5.15168e-07
1.00919e-06
-5.81474e-07
1.30361e-06
-6.19296e-07
1.57586e-06
-6.17555e-07
1.82692e-06
-5.8148e-07
2.03977e-06
-5.20361e-07
2.22153e-06
-4.41189e-07
2.35855e-06
-3.50628e-07
2.4608e-06
-2.5247e-07
2.51732e-06
-1.50149e-07
-4.51802e-08
2.53857e-06
5.44421e-07
-1.00494e-06
9.71026e-07
-9.28247e-07
1.38569e-06
-9.85149e-07
1.77798e-06
-9.97044e-07
2.12796e-06
-9.56857e-07
2.43593e-06
-8.75058e-07
2.69046e-06
-7.6554e-07
2.89986e-06
-6.37735e-07
3.05578e-06
-5.00234e-07
3.16917e-06
-3.56427e-07
3.23253e-06
-2.10428e-07
-6.27088e-08
3.25543e-06
7.36916e-07
-1.71633e-06
1.31719e-06
-1.48634e-06
1.86551e-06
-1.51436e-06
2.36205e-06
-1.47188e-06
2.78949e-06
-1.36664e-06
3.14947e-06
-1.21462e-06
3.43913e-06
-1.03997e-06
3.66862e-06
-8.49858e-07
3.83798e-06
-6.58158e-07
3.95724e-06
-4.62629e-07
4.02468e-06
-2.71555e-07
-7.77121e-08
4.04833e-06
9.92664e-07
-2.66657e-06
1.76422e-06
-2.22414e-06
2.46762e-06
-2.17679e-06
3.0679e-06
-2.03973e-06
3.56774e-06
-1.82764e-06
3.96406e-06
-1.58337e-06
4.27891e-06
-1.32067e-06
4.51348e-06
-1.06377e-06
4.69029e-06
-8.07157e-07
4.80485e-06
-5.64939e-07
4.87698e-06
-3.22689e-07
-9.2066e-08
4.89513e-06
1.33389e-06
-3.92565e-06
2.34876e-06
-3.18144e-06
3.21254e-06
-2.99185e-06
3.91575e-06
-2.68861e-06
4.45901e-06
-2.32903e-06
4.88021e-06
-1.95599e-06
5.19018e-06
-1.59813e-06
5.42591e-06
-1.25905e-06
5.58664e-06
-9.46279e-07
5.70196e-06
-6.49104e-07
5.76066e-06
-3.70701e-07
-9.65657e-08
5.78604e-06
1.79738e-06
-5.6852e-06
3.1101e-06
-4.44624e-06
4.14021e-06
-3.97848e-06
4.91158e-06
-3.41447e-06
5.47109e-06
-2.84857e-06
5.87735e-06
-2.32378e-06
6.16829e-06
-1.85532e-06
6.37702e-06
-1.43823e-06
6.52177e-06
-1.0651e-06
6.61775e-06
-7.24743e-07
6.67209e-06
-4.07807e-07
-1.03816e-07
6.69045e-06
2.47469e-06
-8.0921e-06
4.13075e-06
-6.0632e-06
5.29129e-06
-5.10335e-06
6.07023e-06
-4.16057e-06
6.5921e-06
-3.33904e-06
6.94615e-06
-2.6485e-06
7.18953e-06
-2.07218e-06
7.35765e-06
-1.58233e-06
7.47214e-06
-1.15876e-06
7.54653e-06
-7.81309e-07
7.58893e-06
-4.35778e-07
-1.07547e-07
7.6037e-06
3.5038e-06
-1.15777e-05
5.52188e-06
-8.06265e-06
6.70485e-06
-6.26501e-06
7.38857e-06
-4.82885e-06
7.80289e-06
-3.73392e-06
8.06295e-06
-2.89364e-06
8.23522e-06
-2.22717e-06
8.34892e-06
-1.68267e-06
8.42557e-06
-1.22113e-06
8.47378e-06
-8.18256e-07
8.50199e-06
-4.53091e-07
-1.10363e-07
8.51214e-06
5.26009e-06
-1.68251e-05
7.45245e-06
-1.02495e-05
8.39886e-06
-7.20563e-06
8.83699e-06
-5.25933e-06
9.06579e-06
-3.95394e-06
9.19896e-06
-3.01721e-06
9.28222e-06
-2.30043e-06
9.33539e-06
-1.72594e-06
9.36926e-06
-1.24495e-06
9.39e-06
-8.29e-07
9.40186e-06
-4.55918e-07
-1.08404e-07
9.40751e-06
8.68167e-06
-2.55132e-05
1.00935e-05
-1.16708e-05
1.0319e-05
-7.44196e-06
1.03395e-05
-5.28402e-06
1.03287e-05
-3.94799e-06
1.03189e-05
-3.00753e-06
1.03098e-05
-2.29225e-06
1.03022e-05
-1.7162e-06
1.02939e-05
-1.23435e-06
1.02868e-05
-8.17388e-07
1.02821e-05
-4.46576e-07
1.02825e-05
-1.04535e-07
9.55192e-07
1.89574e-08
9.084e-07
5.22089e-08
8.16632e-07
8.2932e-08
7.0581e-07
1.12222e-07
5.61337e-07
1.36627e-07
4.04317e-07
1.558e-07
2.32331e-07
1.66019e-07
6.39147e-08
1.65131e-07
-9.02645e-08
1.50059e-07
-2.09281e-07
1.16015e-07
-2.75695e-07
6.32317e-08
-2.76803e-07
1.89847e-06
3.82517e-08
1.84741e-06
1.04807e-07
1.75713e-06
1.68682e-07
1.63928e-06
2.28957e-07
1.48883e-06
2.82186e-07
1.31618e-06
3.25635e-07
1.12344e-06
3.54345e-07
9.21624e-07
3.63057e-07
7.21607e-07
3.4628e-07
5.3479e-07
2.99731e-07
3.64143e-07
2.30419e-07
8.64945e-08
2.51526e-06
6.03113e-08
2.45573e-06
1.65434e-07
2.35318e-06
2.68286e-07
2.21375e-06
3.66956e-07
2.03386e-06
4.58025e-07
1.81908e-06
5.37166e-07
1.57087e-06
5.97987e-07
1.29688e-06
6.32834e-07
1.0059e-06
6.33399e-07
7.07492e-07
5.94415e-07
4.07715e-07
5.28144e-07
4.94375e-07
3.23071e-06
8.51883e-08
3.16499e-06
2.33155e-07
3.05125e-06
3.80013e-07
2.89285e-06
5.24257e-07
2.68435e-06
6.62626e-07
2.42742e-06
7.90291e-07
2.12112e-06
8.99666e-07
1.76928e-06
9.80041e-07
1.37993e-06
1.0197e-06
9.65828e-07
1.00729e-06
5.43361e-07
9.50724e-07
1.03578e-06
4.02323e-06
1.11957e-07
3.95438e-06
3.06266e-07
3.83408e-06
4.98387e-07
3.66289e-06
6.94645e-07
3.43269e-06
8.87748e-07
3.14069e-06
1.07753e-06
2.78078e-06
1.2531e-06
2.35296e-06
1.40422e-06
1.85884e-06
1.50995e-06
1.3115e-06
1.54956e-06
7.33514e-07
1.52256e-06
1.76693e-06
4.87616e-06
1.4452e-07
4.80341e-06
3.76214e-07
4.68736e-06
6.19192e-07
4.50964e-06
8.6405e-07
4.27195e-06
1.12112e-06
3.95655e-06
1.38091e-06
3.55818e-06
1.64348e-06
3.06004e-06
1.88959e-06
2.457e-06
2.09808e-06
1.75905e-06
2.23958e-06
9.88757e-07
2.28444e-06
2.74528e-06
5.76112e-06
1.70763e-07
5.70138e-06
4.45959e-07
5.58684e-06
7.26773e-07
5.4226e-06
1.02637e-06
5.18664e-06
1.34237e-06
4.87257e-06
1.68432e-06
4.45201e-06
2.04497e-06
3.9042e-06
2.42041e-06
3.2073e-06
2.78583e-06
2.33982e-06
3.08716e-06
1.32588e-06
3.28192e-06
4.06991e-06
6.67365e-06
1.96301e-07
6.61967e-06
5.0154e-07
6.52449e-06
8.21974e-07
6.37705e-06
1.16511e-06
6.16772e-06
1.54347e-06
5.87267e-06
1.96404e-06
5.46691e-06
2.43925e-06
4.90669e-06
2.96878e-06
4.13317e-06
3.53804e-06
3.10583e-06
4.11277e-06
1.79824e-06
4.58516e-06
5.85805e-06
7.59162e-06
2.15048e-07
7.55163e-06
5.45088e-07
7.47738e-06
8.93962e-07
7.36244e-06
1.27547e-06
7.19214e-06
1.70456e-06
6.94768e-06
2.19982e-06
6.59252e-06
2.78369e-06
6.06899e-06
3.48143e-06
5.29424e-06
4.3166e-06
4.13007e-06
5.2637e-06
2.46824e-06
6.23806e-06
8.33098e-06
8.50612e-06
2.2624e-07
8.48155e-06
5.71127e-07
8.43404e-06
9.39183e-07
8.35814e-06
1.34734e-06
8.24218e-06
1.81368e-06
8.07059e-06
2.36612e-06
7.80933e-06
3.04037e-06
7.39883e-06
3.89169e-06
6.71139e-06
4.9946e-06
5.53141e-06
6.45297e-06
3.50931e-06
8.26508e-06
1.18394e-05
9.4075e-06
2.31099e-07
9.39976e-06
5.80401e-07
9.38145e-06
9.56638e-07
9.34796e-06
1.37739e-06
9.29482e-06
1.86375e-06
9.21214e-06
2.44618e-06
9.08025e-06
3.17074e-06
8.85317e-06
4.11857e-06
8.41996e-06
5.43829e-06
7.47082e-06
7.40028e-06
5.27367e-06
1.0468e-05
1.7126e-05
1.02888e-05
2.27563e-07
1.02985e-05
5.71215e-07
1.0309e-05
9.45544e-07
1.03181e-05
1.36634e-06
1.03273e-05
1.85446e-06
1.0337e-05
2.43686e-06
1.03502e-05
3.16128e-06
1.03642e-05
4.11035e-06
1.03476e-05
5.45785e-06
1.01268e-05
7.63559e-06
8.71597e-06
1.18941e-05
2.5842e-05
-2.73498e-07
2.74562e-07
-2.00749e-07
-6.35539e-08
-8.49874e-08
-1.17082e-07
7.62445e-08
-1.50207e-07
2.39008e-07
-1.65903e-07
4.16144e-07
-1.657e-07
5.66392e-07
-1.55422e-07
7.12455e-07
-1.35567e-07
8.16676e-07
-1.11115e-07
9.06657e-07
-8.12987e-08
9.48852e-07
-5.02313e-08
-1.64516e-08
9.71524e-07
3.67549e-07
-8.94225e-08
5.42976e-07
-2.31846e-07
7.29092e-07
-3.01084e-07
9.33922e-07
-3.47075e-07
1.13243e-06
-3.63311e-07
1.32738e-06
-3.53457e-07
1.49547e-06
-3.24136e-07
1.64566e-06
-2.80125e-07
1.75864e-06
-2.26397e-07
1.84674e-06
-1.65714e-07
1.89399e-06
-1.01114e-07
-3.40139e-08
1.91319e-06
4.11731e-07
-4.96624e-07
7.16953e-07
-5.29612e-07
1.01576e-06
-5.96376e-07
1.31105e-06
-6.34041e-07
1.58225e-06
-6.32533e-07
1.83204e-06
-5.95829e-07
2.04208e-06
-5.34397e-07
2.22156e-06
-4.54121e-07
2.35573e-06
-3.62848e-07
2.45675e-06
-2.6325e-07
2.51189e-06
-1.60067e-07
-5.39049e-08
2.53306e-06
5.47599e-07
-1.0353e-06
9.75586e-07
-9.49427e-07
1.39276e-06
-1.00685e-06
1.78518e-06
-1.01823e-06
2.13577e-06
-9.79506e-07
2.44182e-06
-8.95166e-07
2.695e-06
-7.87164e-07
2.90129e-06
-6.55547e-07
3.05568e-06
-5.19465e-07
3.16669e-06
-3.71299e-07
3.22927e-06
-2.26963e-07
-7.46894e-08
3.25149e-06
7.4e-07
-1.76139e-06
1.32098e-06
-1.51957e-06
1.87357e-06
-1.54569e-06
2.36699e-06
-1.50817e-06
2.80161e-06
-1.3957e-06
3.153e-06
-1.25151e-06
3.45e-06
-1.06608e-06
3.66775e-06
-8.84509e-07
3.84502e-06
-6.80193e-07
3.95199e-06
-4.93465e-07
4.02881e-06
-2.89209e-07
-1.04712e-07
4.04111e-06
9.9406e-07
-2.73213e-06
1.77071e-06
-2.27398e-06
2.4689e-06
-2.22971e-06
3.08293e-06
-2.08867e-06
3.56914e-06
-1.88502e-06
3.98261e-06
-1.629e-06
4.27805e-06
-1.3752e-06
4.53014e-06
-1.10386e-06
4.68518e-06
-8.56261e-07
4.81785e-06
-5.98325e-07
4.86817e-06
-3.65574e-07
-1.20155e-07
4.90482e-06
1.33279e-06
-4.04792e-06
2.35161e-06
-3.26511e-06
3.21856e-06
-3.07786e-06
3.92082e-06
-2.77025e-06
4.47446e-06
-2.40509e-06
4.88824e-06
-2.03249e-06
5.20657e-06
-1.66761e-06
5.4319e-06
-1.32811e-06
5.60028e-06
-1.00668e-06
5.70369e-06
-7.08859e-07
5.76947e-06
-4.21873e-07
-1.48423e-07
5.78465e-06
1.80598e-06
-5.82245e-06
3.11052e-06
-4.56062e-06
4.15078e-06
-4.08137e-06
4.92244e-06
-3.51921e-06
5.4861e-06
-2.94845e-06
5.8927e-06
-2.4201e-06
6.18513e-06
-1.94595e-06
6.392e-06
-1.52408e-06
6.5361e-06
-1.14429e-06
6.62839e-06
-7.98374e-07
6.68021e-06
-4.7573e-07
-1.67631e-07
6.69584e-06
2.47355e-06
-8.28958e-06
4.14162e-06
-6.20247e-06
5.30014e-06
-5.2412e-06
6.08548e-06
-4.28431e-06
6.61031e-06
-3.45527e-06
6.96664e-06
-2.7592e-06
7.21067e-06
-2.17647e-06
7.37865e-06
-1.68094e-06
7.4915e-06
-1.25016e-06
7.56234e-06
-8.66777e-07
7.60076e-06
-5.14949e-07
-1.82829e-07
7.61101e-06
3.51639e-06
-1.17897e-05
5.53382e-06
-8.22597e-06
6.72501e-06
-6.4044e-06
7.40978e-06
-4.96153e-06
7.82544e-06
-3.85834e-06
8.08848e-06
-3.00998e-06
8.2608e-06
-2.33835e-06
8.3756e-06
-1.78686e-06
8.44958e-06
-1.31987e-06
8.49457e-06
-9.10154e-07
8.51689e-06
-5.40035e-07
-1.93129e-07
8.52135e-06
5.27665e-06
-1.70703e-05
7.48146e-06
-1.04168e-05
8.42365e-06
-7.36121e-06
8.86394e-06
-5.39348e-06
9.09392e-06
-4.07767e-06
9.22797e-06
-3.13378e-06
9.31258e-06
-2.41142e-06
9.36574e-06
-1.83151e-06
9.39797e-06
-1.34548e-06
9.41415e-06
-9.24395e-07
9.41961e-06
-5.46821e-07
-1.96595e-07
9.41771e-06
8.72e-06
-2.57858e-05
1.01297e-05
-1.18381e-05
1.03573e-05
-7.57422e-06
1.03729e-05
-5.4084e-06
1.03611e-05
-4.06351e-06
1.03512e-05
-3.11757e-06
1.03433e-05
-2.39737e-06
1.03354e-05
-1.81813e-06
1.03256e-05
-1.33238e-06
1.03136e-05
-9.12281e-07
1.03014e-05
-5.38546e-07
1.02931e-05
-1.94622e-07
9.46364e-07
1.65708e-08
8.99676e-07
5.0263e-08
8.09656e-07
8.14808e-08
6.99993e-07
1.11023e-07
5.56815e-07
1.35607e-07
4.01392e-07
1.54891e-07
2.30398e-07
1.65142e-07
6.32548e-08
1.64302e-07
-9.0634e-08
1.49173e-07
-2.09698e-07
1.15165e-07
-2.7664e-07
6.23702e-08
-2.7829e-07
1.8914e-06
3.35855e-08
1.84059e-06
1.00728e-07
1.75128e-06
1.65432e-07
1.63431e-06
2.2606e-07
1.48489e-06
2.7978e-07
1.31352e-06
3.23371e-07
1.12176e-06
3.5223e-07
9.20847e-07
3.61006e-07
7.2136e-07
3.44388e-07
5.34364e-07
2.97818e-07
3.63161e-07
2.28407e-07
8.338e-08
2.5093e-06
5.24744e-08
2.4506e-06
1.58696e-07
2.34793e-06
2.62302e-07
2.20974e-06
3.61847e-07
2.0301e-06
4.53334e-07
1.81666e-06
5.32851e-07
1.56927e-06
5.94027e-07
1.29645e-06
6.2884e-07
1.0056e-06
6.29493e-07
7.06813e-07
5.90356e-07
4.06628e-07
5.24192e-07
4.88308e-07
3.22672e-06
7.12451e-08
3.16119e-06
2.23456e-07
3.04755e-06
3.68808e-07
2.88954e-06
5.16216e-07
2.68121e-06
6.53355e-07
2.42563e-06
7.82973e-07
2.11941e-06
8.90638e-07
1.76901e-06
9.72002e-07
1.37931e-06
1.01062e-06
9.65339e-07
9.98548e-07
5.41907e-07
9.43009e-07
1.02067e-06
4.02611e-06
9.71998e-08
3.94804e-06
2.83396e-07
3.83549e-06
4.85105e-07
3.6575e-06
6.75423e-07
3.43269e-06
8.7431e-07
3.13606e-06
1.0594e-06
2.78065e-06
1.2377e-06
2.35099e-06
1.3853e-06
1.85877e-06
1.49218e-06
1.31268e-06
1.53285e-06
7.26518e-07
1.49978e-06
1.73784e-06
4.8678e-06
1.07097e-07
4.81031e-06
3.50592e-07
4.68052e-06
5.85897e-07
4.51222e-06
8.37939e-07
4.26543e-06
1.08879e-06
3.95566e-06
1.35162e-06
3.55316e-06
1.60894e-06
3.05964e-06
1.85652e-06
2.4584e-06
2.06238e-06
1.75181e-06
2.19542e-06
9.85062e-07
2.24933e-06
2.68029e-06
5.7668e-06
1.25447e-07
5.69916e-06
3.97976e-07
5.58855e-06
6.82436e-07
5.41776e-06
9.77144e-07
5.18372e-06
1.29418e-06
4.8654e-06
1.63019e-06
4.44872e-06
1.99108e-06
3.90065e-06
2.35975e-06
3.1986e-06
2.71946e-06
2.34334e-06
3.02751e-06
1.30463e-06
3.19936e-06
3.97588e-06
6.67657e-06
1.34602e-07
6.62123e-06
4.41235e-07
6.52112e-06
7.58683e-07
6.37328e-06
1.10078e-06
6.15864e-06
1.47303e-06
5.86573e-06
1.89163e-06
5.45659e-06
2.35942e-06
4.8972e-06
2.88514e-06
4.13144e-06
3.45036e-06
3.08557e-06
4.00334e-06
1.7917e-06
4.49477e-06
5.71331e-06
7.5958e-06
1.42188e-07
7.55047e-06
4.71464e-07
7.47308e-06
8.17673e-07
7.35311e-06
1.19509e-06
7.18129e-06
1.61877e-06
6.934e-06
2.10901e-06
6.57877e-06
2.68617e-06
6.05584e-06
3.37637e-06
5.27271e-06
4.19842e-06
4.12721e-06
5.15235e-06
2.44039e-06
6.08875e-06
8.1602e-06
8.50966e-06
1.44963e-07
8.47825e-06
4.88061e-07
8.42648e-06
8.53601e-07
8.3445e-06
1.2555e-06
8.22736e-06
1.71781e-06
8.05158e-06
2.26243e-06
7.78959e-06
2.93058e-06
7.37519e-06
3.77293e-06
6.69549e-06
4.86884e-06
5.49799e-06
6.29731e-06
3.49644e-06
8.12155e-06
1.16286e-05
9.40972e-06
1.43688e-07
9.39469e-06
4.90676e-07
9.36947e-06
8.63385e-07
9.33156e-06
1.27858e-06
9.27451e-06
1.76002e-06
9.18893e-06
2.33553e-06
9.05426e-06
3.05414e-06
8.82471e-06
3.99223e-06
8.38275e-06
5.29882e-06
7.4464e-06
7.2587e-06
5.24158e-06
1.02882e-05
1.68742e-05
1.02895e-05
1.36944e-07
1.02912e-05
4.7885e-07
1.02936e-05
8.4835e-07
1.02987e-05
1.2656e-06
1.03028e-05
1.74756e-06
1.03102e-05
2.32579e-06
1.03182e-05
3.0431e-06
1.03276e-05
3.9866e-06
1.03094e-05
5.32688e-06
1.00781e-05
7.48509e-06
8.66755e-06
1.17254e-05
2.55516e-05
1.66478e-05
-9.16751e-06
-3.29657e-05
1.33223e-05
-8.34746e-06
1.22297e-05
-6.35226e-06
1.17632e-05
-4.81865e-06
1.15229e-05
-3.70641e-06
1.13831e-05
-2.86461e-06
1.12937e-05
-2.19844e-06
1.12319e-05
-1.64828e-06
1.11861e-05
-1.18128e-06
1.11522e-05
-7.7491e-07
1.11307e-05
-4.15653e-07
-9.00333e-08
1.11254e-05
1.78961e-05
-3.95793e-06
-2.31162e-05
1.50419e-05
-5.51935e-06
1.36837e-05
-5.0159e-06
1.2997e-05
-4.15226e-06
1.26173e-05
-3.34119e-06
1.23872e-05
-2.64797e-06
1.2238e-05
-2.05826e-06
1.21334e-05
-1.5514e-06
1.20564e-05
-1.10839e-06
1.19982e-05
-7.18405e-07
1.19593e-05
-3.75736e-07
-7.54922e-08
1.19466e-05
1.77445e-05
-2.01897e-06
-1.97006e-05
1.59017e-05
-3.70134e-06
1.47286e-05
-3.8662e-06
1.40258e-05
-3.46872e-06
1.35954e-05
-2.92619e-06
1.33193e-05
-2.38404e-06
1.31329e-05
-1.88089e-06
1.29993e-05
-1.42446e-06
1.28981e-05
-1.0106e-06
1.28182e-05
-6.3933e-07
1.27596e-05
-3.14909e-07
-4.72132e-08
1.27363e-05
1.75849e-05
-1.84367e-05
-1.18048e-06
1.64346e-05
-2.57371e-06
1.55256e-05
-2.98193e-06
1.48976e-05
-2.86189e-06
1.44741e-05
-2.5227e-06
1.41855e-05
-2.11154e-06
1.39818e-05
-1.69181e-06
1.38318e-05
-1.28549e-06
1.37136e-05
-9.01328e-07
1.36146e-05
-5.45268e-07
1.35322e-05
-2.3325e-07
1.34883e-05
-3.61606e-09
1.11386e-05
2.21306e-07
1.11664e-05
5.48372e-07
1.12042e-05
9.10795e-07
1.12523e-05
1.32155e-06
1.13158e-05
1.79484e-06
1.14069e-05
2.3517e-06
1.15488e-05
3.02642e-06
1.17921e-05
3.87638e-06
1.22636e-05
4.9994e-06
1.33657e-05
6.54402e-06
1.67111e-05
8.54911e-06
9.36712e-06
3.31505e-05
1.19679e-05
2.02094e-07
1.20139e-05
5.04228e-07
1.20765e-05
8.49612e-07
1.21569e-05
1.24388e-06
1.22634e-05
1.69185e-06
1.24151e-05
2.20542e-06
1.2647e-05
2.80131e-06
1.30305e-05
3.50164e-06
1.37215e-05
4.31869e-06
1.50889e-05
5.18793e-06
1.796e-05
5.69066e-06
4.10994e-06
2.32173e-05
1.2769e-05
1.72846e-07
1.2835e-05
4.40875e-07
1.292e-05
7.67521e-07
1.30248e-05
1.14237e-06
1.3161e-05
1.56027e-06
1.33497e-05
2.02199e-06
1.3628e-05
2.52974e-06
1.40614e-05
3.07647e-06
1.47677e-05
3.62098e-06
1.59476e-05
4.02062e-06
1.7799e-05
3.84706e-06
2.1447e-06
1.97651e-05
1.35415e-05
1.21583e-07
1.3632e-05
3.5261e-07
1.37367e-05
6.6606e-07
1.38586e-05
1.0247e-06
1.40117e-05
1.41248e-06
1.42175e-05
1.82225e-06
1.45082e-05
2.2457e-06
1.49333e-05
2.65867e-06
1.55647e-05
2.99917e-06
1.64761e-05
3.1144e-06
1.76298e-05
2.70095e-06
1.84836e-05
1.29215e-06
1.67211e-05
-9.19223e-06
1.33812e-05
-8.37593e-06
1.22758e-05
-6.38674e-06
1.18067e-05
-4.83999e-06
1.15645e-05
-3.7244e-06
1.14261e-05
-2.8817e-06
1.1339e-05
-2.21737e-06
1.12797e-05
-1.67045e-06
1.1234e-05
-1.20733e-06
1.11967e-05
-8.04896e-07
1.11681e-05
-4.49301e-07
-1.27487e-07
1.11532e-05
1.79663e-05
-3.94272e-06
1.50968e-05
-5.52773e-06
1.37361e-05
-5.01934e-06
1.30416e-05
-4.16281e-06
1.26588e-05
-3.35096e-06
1.24285e-05
-2.65786e-06
1.22809e-05
-2.07069e-06
1.21785e-05
-1.56757e-06
1.21015e-05
-1.12989e-06
1.20402e-05
-7.45199e-07
1.19943e-05
-4.07834e-07
-1.12722e-07
1.19714e-05
1.78024e-05
-1.98532e-06
1.59581e-05
-3.68628e-06
1.47767e-05
-3.86876e-06
1.40701e-05
-3.46767e-06
1.36362e-05
-2.92579e-06
1.33588e-05
-2.38519e-06
1.31733e-05
-1.88466e-06
1.30411e-05
-1.43295e-06
1.294e-05
-1.02519e-06
1.2857e-05
-6.60797e-07
1.27916e-05
-3.43034e-07
-8.21245e-08
1.27584e-05
1.76336e-05
-1.13927e-06
1.64824e-05
-2.55e-06
1.55745e-05
-2.9603e-06
1.49409e-05
-2.85071e-06
1.45135e-05
-2.51431e-06
1.42232e-05
-2.10542e-06
1.40195e-05
-1.68886e-06
1.38702e-05
-1.28767e-06
1.37518e-05
-9.10161e-07
1.36498e-05
-5.61735e-07
1.35606e-05
-2.58505e-07
1.35072e-05
-3.71561e-08
1.11558e-05
1.78987e-07
1.11733e-05
5.00428e-07
1.1203e-05
8.56124e-07
1.12451e-05
1.26075e-06
1.13045e-05
1.7273e-06
1.13923e-05
2.27852e-06
1.15316e-05
2.94727e-06
1.17721e-05
3.79219e-06
1.22396e-05
4.90985e-06
1.33389e-05
6.45312e-06
1.66684e-05
8.45286e-06
9.27469e-06
3.30205e-05
1.19819e-05
1.60091e-07
1.20172e-05
4.5606e-07
1.20722e-05
7.95879e-07
1.21462e-05
1.18359e-06
1.22493e-05
1.62675e-06
1.23975e-05
2.13468e-06
1.26274e-05
2.72695e-06
1.30079e-05
3.42375e-06
1.36971e-05
4.23922e-06
1.50596e-05
5.10778e-06
1.792e-05
5.61505e-06
4.04735e-06
2.31466e-05
1.27798e-05
1.31358e-07
1.28355e-05
3.92739e-07
1.29126e-05
7.13691e-07
1.30119e-05
1.08301e-06
1.31444e-05
1.49653e-06
1.33307e-05
1.95419e-06
1.3607e-05
2.45928e-06
1.40383e-05
3.00421e-06
1.47434e-05
3.5497e-06
1.5921e-05
3.95055e-06
1.77658e-05
3.78279e-06
2.09296e-06
1.97196e-05
1.35492e-05
8.23109e-08
1.36301e-05
3.07155e-07
1.3727e-05
6.14607e-07
1.38441e-05
9.69e-07
1.39937e-05
1.35275e-06
1.41976e-05
1.76021e-06
1.44868e-05
2.18175e-06
1.49111e-05
2.59495e-06
1.55413e-05
2.93629e-06
1.64525e-05
3.05662e-06
1.76026e-05
2.64587e-06
1.84502e-05
1.24565e-06
1.66686e-05
-9.17534e-06
1.33358e-05
-8.35803e-06
1.22403e-05
-6.36193e-06
1.17725e-05
-4.82727e-06
1.15313e-05
-3.71415e-06
1.13909e-05
-2.87166e-06
1.13011e-05
-2.2049e-06
1.1239e-05
-1.65428e-06
1.11932e-05
-1.18683e-06
1.11594e-05
-7.79967e-07
1.11381e-05
-4.20142e-07
-9.38047e-08
1.11328e-05
1.79151e-05
-3.95516e-06
1.50556e-05
-5.52333e-06
1.36948e-05
-5.02187e-06
1.30066e-05
-4.1587e-06
1.26259e-05
-3.34762e-06
1.23952e-05
-2.65424e-06
1.22456e-05
-2.06432e-06
1.21407e-05
-1.55725e-06
1.20636e-05
-1.11399e-06
1.20057e-05
-7.23684e-07
1.1967e-05
-3.80416e-07
-7.93971e-08
1.19542e-05
1.77601e-05
-2.01116e-06
1.59142e-05
-3.70085e-06
1.47393e-05
-3.86909e-06
1.40352e-05
-3.47315e-06
1.36039e-05
-2.93135e-06
1.33273e-05
-2.38952e-06
1.31404e-05
-1.88655e-06
1.30066e-05
-1.43018e-06
1.29054e-05
-1.01634e-06
1.28258e-05
-6.44908e-07
1.27676e-05
-3.20022e-07
-5.15493e-08
1.27441e-05
1.75969e-05
-1.17197e-06
1.64455e-05
-2.57087e-06
1.55354e-05
-2.98263e-06
1.49065e-05
-2.86465e-06
1.44824e-05
-2.52667e-06
1.41933e-05
-2.11626e-06
1.39891e-05
-1.69701e-06
1.3839e-05
-1.29107e-06
1.37209e-05
-9.07189e-07
1.36223e-05
-5.51217e-07
1.35403e-05
-2.38959e-07
1.34967e-05
-8.06739e-09
1.11457e-05
2.18193e-07
1.1173e-05
5.45741e-07
1.12103e-05
9.08282e-07
1.12583e-05
1.31886e-06
1.13221e-05
1.79174e-06
1.1414e-05
2.34802e-06
1.15573e-05
3.02212e-06
1.18027e-05
3.87138e-06
1.22775e-05
4.99394e-06
1.33848e-05
6.53726e-06
1.67449e-05
8.54206e-06
9.35149e-06
3.32447e-05
1.19751e-05
1.98952e-07
1.20205e-05
5.01561e-07
1.20825e-05
8.46989e-07
1.21626e-05
1.24088e-06
1.22693e-05
1.68813e-06
1.24218e-05
2.20072e-06
1.26551e-05
2.7954e-06
1.30406e-05
3.49427e-06
1.37346e-05
4.30911e-06
1.51075e-05
5.17586e-06
1.79889e-05
5.67229e-06
4.07745e-06
2.32657e-05
1.27763e-05
1.69876e-07
1.28414e-05
4.38531e-07
1.29257e-05
7.65109e-07
1.303e-05
1.13931e-06
1.31664e-05
1.55616e-06
1.33557e-05
2.0165e-06
1.36352e-05
2.52252e-06
1.40703e-05
3.06709e-06
1.47794e-05
3.60881e-06
1.59629e-05
4.00335e-06
1.78206e-05
3.82311e-06
2.10781e-06
1.97936e-05
1.3549e-05
1.18946e-07
1.36384e-05
3.50765e-07
1.37421e-05
6.63961e-07
1.38633e-05
1.02168e-06
1.40164e-05
1.40811e-06
1.42226e-05
1.81615e-06
1.45143e-05
2.23752e-06
1.49409e-05
2.64787e-06
1.5574e-05
2.9847e-06
1.64882e-05
3.09563e-06
1.76454e-05
2.67434e-06
1.85019e-05
1.25504e-06
1.67476e-05
-9.29233e-06
1.33918e-05
-8.47865e-06
1.22827e-05
-6.48296e-06
1.18105e-05
-4.93644e-06
1.15665e-05
-3.81759e-06
1.14256e-05
-2.97098e-06
1.1336e-05
-2.30139e-06
1.12741e-05
-1.74877e-06
1.12263e-05
-1.27965e-06
1.11876e-05
-8.71468e-07
1.11582e-05
-5.10736e-07
-1.84229e-07
1.11429e-05
1.79911e-05
-4.01535e-06
1.51107e-05
-5.61014e-06
1.37428e-05
-5.10767e-06
1.30471e-05
-4.24853e-06
1.26627e-05
-3.43566e-06
1.24309e-05
-2.74019e-06
1.2281e-05
-2.14952e-06
1.21761e-05
-1.64196e-06
1.2097e-05
-1.19926e-06
1.20339e-05
-8.09705e-07
1.1987e-05
-4.67664e-07
-1.68352e-07
1.19634e-05
1.78221e-05
-2.04441e-06
1.59689e-05
-3.7569e-06
1.47846e-05
-3.94129e-06
1.4076e-05
-3.54448e-06
1.36412e-05
-3.00334e-06
1.33628e-05
-2.46169e-06
1.31755e-05
-1.95905e-06
1.30412e-05
-1.50389e-06
1.29378e-05
-1.09215e-06
1.2853e-05
-7.23547e-07
1.27864e-05
-4.01571e-07
-1.36767e-07
1.27524e-05
1.76479e-05
-1.19025e-06
1.64922e-05
-2.60957e-06
1.55804e-05
-3.02725e-06
1.49463e-05
-2.9186e-06
1.45189e-05
-2.5835e-06
1.42281e-05
-2.17487e-06
1.40232e-05
-1.75724e-06
1.38721e-05
-1.35382e-06
1.37516e-05
-9.733e-07
1.36477e-05
-6.21367e-07
1.35572e-05
-3.14913e-07
1.3503e-05
-9.01676e-08
1.11454e-05
1.26123e-07
1.1163e-05
4.51045e-07
1.11931e-05
8.09372e-07
1.12356e-05
1.21638e-06
1.12955e-05
1.68468e-06
1.13835e-05
2.23746e-06
1.15226e-05
2.90719e-06
1.17624e-05
3.75286e-06
1.22286e-05
4.87072e-06
1.33261e-05
6.41442e-06
1.66485e-05
8.41285e-06
9.23763e-06
1.19735e-05
1.08528e-07
1.20084e-05
4.07776e-07
1.20636e-05
7.50411e-07
1.21378e-05
1.14037e-06
1.22412e-05
1.58552e-06
1.23894e-05
2.095e-06
1.26189e-05
2.68865e-06
1.29984e-05
3.38656e-06
1.36865e-05
4.2032e-06
1.50464e-05
5.07286e-06
1.7902e-05
5.58358e-06
4.02179e-06
1.27731e-05
8.05692e-08
1.28282e-05
3.45117e-07
1.29052e-05
6.69001e-07
1.30047e-05
1.04061e-06
1.31372e-05
1.45631e-06
1.33233e-05
1.91572e-06
1.35992e-05
2.42253e-06
1.40296e-05
2.969e-06
1.47334e-05
3.51635e-06
1.59096e-05
3.91984e-06
1.77509e-05
3.75524e-06
2.0734e-06
1.3544e-05
3.36601e-08
1.36242e-05
2.6184e-07
1.37208e-05
5.7196e-07
1.38379e-05
9.28752e-07
1.39874e-05
1.31459e-06
1.41911e-05
1.72399e-06
1.44797e-05
2.14734e-06
1.49034e-05
2.56246e-06
1.55327e-05
2.90604e-06
1.64426e-05
3.02911e-06
1.75915e-05
2.62308e-06
1.22802e-06
2.14326e-06
-7.66484e-07
-2.56961e-06
1.40875e-06
-1.86007e-06
7.27575e-07
-2.32208e-06
1.9844e-07
-2.35235e-06
-1.88774e-07
-2.15238e-06
-4.68843e-07
-1.84571e-06
-6.74442e-07
-1.49811e-06
-8.30696e-07
-1.13837e-06
-9.5809e-07
-7.80713e-07
-1.07314e-06
-4.32995e-07
-1.18721e-06
-1.19203e-07
8.70245e-08
-1.27223e-06
1.69977e-06
-5.35869e-07
-1.94041e-06
1.21235e-06
-1.39111e-06
7.03262e-07
-1.83254e-06
2.68898e-07
-1.93776e-06
-7.18213e-08
-1.82917e-06
-3.31684e-07
-1.60259e-06
-5.29075e-07
-1.31473e-06
-6.83279e-07
-9.96922e-07
-8.12052e-07
-6.61583e-07
-9.37584e-07
-3.14206e-07
-1.08942e-06
3.18043e-08
2.65441e-07
-1.27086e-06
1.37562e-06
-3.9536e-07
-1.52568e-06
1.03884e-06
-1.06993e-06
6.54233e-07
-1.46516e-06
3.01081e-07
-1.60116e-06
7.05161e-09
-1.55035e-06
-2.27029e-07
-1.38189e-06
-4.10513e-07
-1.14301e-06
-5.55862e-07
-8.6135e-07
-6.78131e-07
-5.46738e-07
-8.01805e-07
-1.94429e-07
-9.89288e-07
2.17463e-07
6.74728e-07
-1.39277e-06
1.13563e-06
-1.23671e-06
-3.02825e-07
8.93841e-07
-8.4134e-07
5.98735e-07
-1.18543e-06
3.11524e-07
-1.32894e-06
6.03686e-08
-1.31401e-06
-1.46951e-07
-1.1882e-06
-3.13398e-07
-9.89488e-07
-4.45549e-07
-7.4044e-07
-5.5355e-07
-4.48512e-07
-6.55986e-07
-9.89845e-08
-8.25534e-07
3.85311e-07
-1.76164e-06
1.60554e-06
-1.17745e-06
2.86648e-08
-1.05539e-06
2.33464e-07
-9.3435e-07
5.48677e-07
-8.02901e-07
8.98043e-07
-6.43611e-07
1.2583e-06
-4.35986e-07
1.62032e-06
-1.54543e-07
1.97001e-06
2.3405e-07
2.27694e-06
7.63962e-07
2.47479e-06
1.44738e-06
2.44257e-06
2.1812e-06
1.97051e-06
8.65181e-07
2.60654e-06
-1.08037e-06
-1.59572e-07
-9.19625e-07
7.50932e-08
-7.88131e-07
4.20824e-07
-6.55023e-07
7.69432e-07
-4.97959e-07
1.10615e-06
-2.98644e-07
1.42564e-06
-3.81165e-08
1.71391e-06
3.03074e-07
1.94006e-06
7.38248e-07
2.04625e-06
1.24658e-06
1.9344e-06
1.73269e-06
1.48915e-06
6.26878e-07
1.97179e-06
-9.80048e-07
-5.70661e-07
-7.84275e-07
-1.17749e-07
-6.54231e-07
2.94739e-07
-5.27657e-07
6.47484e-07
-3.79397e-07
9.62722e-07
-1.9446e-07
1.24495e-06
3.99826e-08
1.48369e-06
3.33802e-07
1.65045e-06
6.86299e-07
1.69743e-06
1.07113e-06
1.55913e-06
1.40553e-06
1.15567e-06
4.75795e-07
1.55309e-06
-8.17849e-07
-1.51054e-06
-6.38596e-07
-2.93863e-07
-5.29963e-07
1.89664e-07
-4.17678e-07
5.39115e-07
-2.82689e-07
8.31203e-07
-1.15043e-07
1.08004e-06
9.21394e-08
1.27794e-06
3.42411e-07
1.40167e-06
6.29467e-07
1.41373e-06
9.22906e-07
1.26359e-06
1.16329e-06
9.18634e-07
1.26214e-06
3.76971e-07
2.18411e-06
-7.21235e-07
1.45482e-06
-1.82598e-06
7.71409e-07
-2.30171e-06
2.39836e-07
-2.33201e-06
-1.50936e-07
-2.13562e-06
-4.33115e-07
-1.83148e-06
-6.39481e-07
-1.48751e-06
-7.95608e-07
-1.13276e-06
-9.23637e-07
-7.82086e-07
-1.04208e-06
-4.43118e-07
-1.16262e-06
-1.3855e-07
6.04988e-08
-1.25597e-06
1.73576e-06
-4.89722e-07
1.2525e-06
-1.35331e-06
7.46295e-07
-1.79682e-06
3.08222e-07
-1.91217e-06
-3.5608e-08
-1.80742e-06
-2.97941e-07
-1.58391e-06
-4.96595e-07
-1.29967e-06
-6.51409e-07
-9.86714e-07
-7.81461e-07
-6.5838e-07
-9.10498e-07
-3.19322e-07
-1.06793e-06
1.80224e-08
2.38083e-07
-1.25948e-06
1.40808e-06
-3.48766e-07
1.07754e-06
-1.02862e-06
6.93005e-07
-1.43324e-06
3.38364e-07
-1.57e-06
4.15414e-08
-1.52287e-06
-1.95149e-07
-1.35789e-06
-3.80296e-07
-1.12217e-06
-5.2698e-07
-8.45405e-07
-6.50953e-07
-5.37181e-07
-7.78186e-07
-1.92911e-07
-9.72837e-07
2.0909e-07
6.57899e-07
-1.38417e-06
1.1658e-06
-2.57037e-07
9.28829e-07
-7.99502e-07
6.36539e-07
-1.14465e-06
3.46932e-07
-1.29614e-06
9.31029e-08
-1.28531e-06
-1.16673e-07
-1.16256e-06
-2.85306e-07
-9.67252e-07
-4.19239e-07
-7.2234e-07
-5.29435e-07
-4.36393e-07
-6.3595e-07
-9.4165e-08
-8.12076e-07
3.82636e-07
-1.75978e-06
1.59095e-06
-1.17235e-06
-1.02382e-08
-1.05971e-06
1.87999e-07
-9.45605e-07
4.97965e-07
-8.18805e-07
8.43774e-07
-6.62294e-07
1.20125e-06
-4.56232e-07
1.5617e-06
-1.75491e-07
1.91077e-06
2.12575e-07
2.21848e-06
7.4301e-07
2.41925e-06
1.42529e-06
2.38799e-06
2.15797e-06
1.92239e-06
8.21851e-07
2.57922e-06
-1.07779e-06
-1.94446e-07
-9.25813e-07
3.25259e-08
-8.00499e-07
3.73845e-07
-6.71668e-07
7.19321e-07
-5.16884e-07
1.0545e-06
-3.18758e-07
1.37295e-06
-5.83983e-08
1.66169e-06
2.83069e-07
1.88906e-06
7.18034e-07
1.99726e-06
1.22726e-06
1.89065e-06
1.71166e-06
1.44478e-06
5.85278e-07
1.94785e-06
-9.8015e-07
-6.08233e-07
-7.91857e-07
-1.60919e-07
-6.67442e-07
2.48359e-07
-5.44521e-07
5.9924e-07
-3.98329e-07
9.136e-07
-2.14041e-07
1.19587e-06
2.04942e-08
1.43526e-06
3.14856e-07
1.60383e-06
6.6825e-07
1.65375e-06
1.05197e-06
1.51554e-06
1.38583e-06
1.1168e-06
4.37165e-07
1.53108e-06
-8.19725e-07
-1.54653e-06
-6.47055e-07
-3.33113e-07
-5.43516e-07
1.47495e-07
-4.34502e-07
4.95863e-07
-3.01251e-07
7.87574e-07
-1.34045e-07
1.03686e-06
7.35938e-08
1.23583e-06
3.24754e-07
1.36132e-06
6.11786e-07
1.37501e-06
9.05603e-07
1.22905e-06
1.14404e-06
8.81072e-07
1.24096e-06
3.39437e-07
2.15284e-06
-7.5679e-07
1.418e-06
-1.85562e-06
7.36375e-07
-2.32119e-06
2.06748e-07
-2.35381e-06
-1.80926e-07
-2.15538e-06
-4.61412e-07
-1.84977e-06
-6.67351e-07
-1.50295e-06
-8.23785e-07
-1.14387e-06
-9.50988e-07
-7.86783e-07
-1.06546e-06
-4.39569e-07
-1.1787e-06
-1.25873e-07
8.09989e-08
-1.26332e-06
1.70723e-06
-5.26955e-07
1.22011e-06
-1.38608e-06
7.11034e-07
-1.83071e-06
2.76488e-07
-1.93826e-06
-6.45107e-08
-1.83138e-06
-3.24675e-07
-1.60604e-06
-5.22359e-07
-1.31919e-06
-6.76703e-07
-1.00227e-06
-8.05265e-07
-6.67826e-07
-9.30079e-07
-3.21433e-07
-1.08082e-06
2.349e-08
2.58142e-07
-1.26039e-06
1.38161e-06
-3.86093e-07
1.04536e-06
-1.06444e-06
6.61065e-07
-1.46264e-06
3.07947e-07
-1.60097e-06
1.38005e-08
-1.55193e-06
-2.20494e-07
-1.38486e-06
-4.04225e-07
-1.14717e-06
-5.49713e-07
-8.6659e-07
-6.71806e-07
-5.53195e-07
-7.94811e-07
-2.02429e-07
-9.80498e-07
2.07428e-07
6.61775e-07
-1.3798e-06
1.14031e-06
-2.94675e-07
8.99297e-07
-8.3591e-07
6.04701e-07
-1.18263e-06
3.17697e-07
-1.32826e-06
6.65476e-08
-1.3151e-06
-1.40915e-07
-1.19072e-06
-3.07573e-07
-9.93267e-07
-4.39903e-07
-7.45457e-07
-5.47834e-07
-4.54912e-07
-6.49769e-07
-1.07314e-07
-8.17836e-07
3.73439e-07
-1.74289e-06
1.58231e-06
-1.1698e-06
2.73128e-08
-1.04928e-06
2.32913e-07
-9.29494e-07
5.47369e-07
-7.98805e-07
8.95395e-07
-6.39716e-07
1.25393e-06
-4.31746e-07
1.61391e-06
-1.49563e-07
1.96122e-06
2.39974e-07
2.26524e-06
7.71308e-07
2.45958e-06
1.4562e-06
2.42168e-06
2.19235e-06
1.94362e-06
8.29848e-07
2.61892e-06
-1.07256e-06
-1.59009e-07
-9.13907e-07
7.60298e-08
-7.83859e-07
4.20318e-07
-6.51638e-07
7.67125e-07
-4.94888e-07
1.10186e-06
-2.95364e-07
1.41912e-06
-3.43029e-08
1.70486e-06
3.07591e-07
1.92803e-06
7.4336e-07
2.03044e-06
1.253e-06
1.91445e-06
1.74051e-06
1.46269e-06
5.93507e-07
1.98034e-06
-9.72259e-07
-5.64654e-07
-7.79155e-07
-1.14415e-07
-6.50654e-07
2.9535e-07
-5.25013e-07
6.45746e-07
-3.77149e-07
9.58697e-07
-1.92106e-07
1.23855e-06
4.27072e-08
1.47461e-06
3.3694e-07
1.63844e-06
6.89901e-07
1.68198e-06
1.07521e-06
1.53881e-06
1.41084e-06
1.13068e-06
4.45201e-07
1.5591e-06
-8.11056e-07
-1.49394e-06
-6.34438e-07
-2.88747e-07
-5.27199e-07
1.90915e-07
-4.1581e-07
5.37704e-07
-2.81238e-07
8.27426e-07
-1.13579e-07
1.07383e-06
9.38811e-08
1.26918e-06
3.44395e-07
1.39001e-06
6.31457e-07
1.39878e-06
9.25429e-07
1.24515e-06
1.16672e-06
8.9509e-07
1.26626e-06
3.48699e-07
2.19473e-06
-7.66333e-07
1.4615e-06
-1.87856e-06
7.76773e-07
-2.35722e-06
2.44657e-07
-2.39283e-06
-1.45714e-07
-2.19841e-06
-4.2791e-07
-1.89537e-06
-6.34945e-07
-1.55103e-06
-7.92586e-07
-1.19498e-06
-9.22497e-07
-8.41936e-07
-1.0428e-06
-5.0028e-07
-1.16457e-06
-1.92804e-07
1.0318e-08
-1.25836e-06
1.74341e-06
-5.30016e-07
1.25798e-06
-1.39917e-06
7.49594e-07
-1.84876e-06
3.12226e-07
-1.96544e-06
-3.08831e-08
-1.86306e-06
-2.92697e-07
-1.64093e-06
-4.91658e-07
-1.3572e-06
-6.47565e-07
-1.04359e-06
-7.79347e-07
-7.13765e-07
-9.10136e-07
-3.72581e-07
-1.06834e-06
-3.25449e-08
1.88788e-07
-1.26089e-06
1.41369e-06
-3.8498e-07
1.08084e-06
-1.06948e-06
6.95786e-07
-1.47645e-06
3.41481e-07
-1.61781e-06
4.57107e-08
-1.57316e-06
-1.90178e-07
-1.40978e-06
-3.75228e-07
-1.17495e-06
-5.22695e-07
-8.98027e-07
-6.4815e-07
-5.88792e-07
-7.7691e-07
-2.42766e-07
-9.72806e-07
1.60966e-07
6.11541e-07
-1.38371e-06
1.16983e-06
-2.89521e-07
9.31315e-07
-8.35629e-07
6.37806e-07
-1.18514e-06
3.49203e-07
-1.33797e-06
9.66863e-08
-1.32936e-06
-1.12079e-07
-1.20835e-06
-2.80282e-07
-1.01424e-06
-4.14715e-07
-7.69618e-07
-5.26128e-07
-4.83231e-07
-6.34149e-07
-1.39756e-07
-8.11485e-07
3.38567e-07
-1.75825e-06
1.54508e-06
-1.17619e-06
-5.79033e-08
-1.06443e-06
1.43872e-07
-9.50777e-07
4.56512e-07
-8.24073e-07
8.04876e-07
-6.67713e-07
1.16448e-06
-4.61905e-07
1.5271e-06
-1.81669e-07
1.87813e-06
2.05846e-07
2.18807e-06
7.35661e-07
2.39128e-06
1.41752e-06
2.36335e-06
2.14909e-06
1.90124e-06
8.06742e-07
-1.08025e-06
-2.3834e-07
-9.29464e-07
-8.59114e-09
-8.04632e-07
3.35315e-07
-6.76054e-07
6.83036e-07
-5.21401e-07
1.02042e-06
-3.23601e-07
1.34087e-06
-6.36381e-08
1.63173e-06
2.77366e-07
1.86127e-06
7.12046e-07
1.97208e-06
1.22093e-06
1.86842e-06
1.70517e-06
1.42675e-06
5.70825e-07
-9.81613e-07
-6.51171e-07
-7.94555e-07
-2.00305e-07
-6.7073e-07
2.11542e-07
-5.48071e-07
5.64638e-07
-4.02078e-07
8.81208e-07
-2.18069e-07
1.16556e-06
1.60945e-08
1.40712e-06
3.10152e-07
1.57798e-06
6.63383e-07
1.63049e-06
1.04719e-06
1.49536e-06
1.38068e-06
1.09967e-06
4.24623e-07
-8.20035e-07
-1.58387e-06
-6.48886e-07
-3.68101e-07
-5.46039e-07
1.14157e-07
-4.37284e-07
4.64429e-07
-3.0427e-07
7.58122e-07
-1.37308e-07
1.00934e-06
7.00009e-08
1.21039e-06
3.20962e-07
1.33802e-06
6.07988e-07
1.35424e-06
9.01886e-07
1.21092e-06
1.14044e-06
8.66446e-07
3.27335e-07
9.55057e-07
-2.38007e-07
-1.02716e-06
7.75244e-07
-6.73206e-07
5.44952e-07
-9.68157e-07
3.0997e-07
-1.10712e-06
9.63266e-08
-1.11279e-06
-8.55224e-08
-1.01773e-06
-2.33937e-07
-8.51629e-07
-3.50912e-07
-6.32431e-07
-4.39855e-07
-3.67089e-07
-5.00577e-07
-4.26196e-08
-5.05751e-07
3.8719e-07
1.1019e-06
8.1696e-07
-1.90661e-07
-8.70912e-07
6.79181e-07
-5.4529e-07
4.96225e-07
-7.96339e-07
3.02433e-07
-9.24666e-07
1.20606e-07
-9.41941e-07
-3.81982e-08
-8.69879e-07
-1.69149e-07
-7.30916e-07
-2.71178e-07
-5.40205e-07
-3.42147e-07
-3.04592e-07
-3.72731e-07
-1.89544e-08
-3.20252e-07
3.31094e-07
7.75263e-07
7.09995e-07
-1.54478e-07
-7.51832e-07
6.01503e-07
-4.45628e-07
4.53627e-07
-6.57834e-07
2.92128e-07
-7.73467e-07
1.36782e-07
-7.95826e-07
-1.75224e-09
-7.40799e-07
-1.16867e-07
-6.2415e-07
-2.0538e-07
-4.59858e-07
-2.62119e-07
-2.54263e-07
-2.7556e-07
-1.06173e-08
-2.13705e-07
2.65644e-07
5.61276e-07
6.26132e-07
-1.26455e-07
-6.59722e-07
5.38745e-07
-3.65229e-07
4.16983e-07
-5.44502e-07
2.81067e-07
-6.45176e-07
1.47363e-07
-6.70454e-07
2.63501e-08
-6.27387e-07
-7.50622e-08
-5.31214e-07
-1.51916e-07
-3.90447e-07
-1.98396e-07
-2.15626e-07
-2.03727e-07
-1.1271e-08
-1.476e-07
2.04807e-07
4.07946e-07
5.60038e-07
-1.02766e-07
-5.87495e-07
4.87787e-07
-2.99961e-07
3.86141e-07
-4.48663e-07
2.69894e-07
-5.37428e-07
1.54223e-07
-5.60457e-07
4.75555e-08
-5.29036e-07
-4.18147e-08
-4.47434e-07
-1.09484e-07
-3.30706e-07
-1.48391e-07
-1.81546e-07
-1.50971e-07
-1.46427e-08
-1.04923e-07
1.55171e-07
3.00872e-07
5.07298e-07
-8.37402e-08
-5.30695e-07
4.46746e-07
-2.44484e-07
3.598e-07
-3.67659e-07
2.59767e-07
-4.4263e-07
1.57903e-07
-4.64022e-07
6.39607e-08
-4.40652e-07
-1.62167e-08
-3.73359e-07
-7.56859e-08
-2.77601e-07
-1.1007e-07
-1.53601e-07
-1.11982e-07
-1.8635e-08
-7.59762e-08
1.14391e-07
2.19563e-07
4.65336e-07
-6.68842e-08
-4.85536e-07
4.1347e-07
-1.97024e-07
3.37847e-07
-2.97476e-07
2.50467e-07
-3.59942e-07
1.59525e-07
-3.79142e-07
7.61861e-08
-3.61232e-07
3.25281e-09
-3.0711e-07
-4.94171e-08
-2.28876e-07
-8.0943e-08
-1.28048e-07
-8.32064e-08
-2.00532e-08
-5.6102e-08
8.32096e-08
1.61568e-07
4.31819e-07
-5.17665e-08
-4.49823e-07
3.86555e-07
-1.56644e-07
3.19558e-07
-2.33375e-07
2.42026e-07
-2.88001e-07
1.59839e-07
-2.98173e-07
8.49387e-08
-2.92477e-07
1.79598e-08
-2.42013e-07
-2.94317e-08
-1.88689e-07
-5.89983e-08
-1.01791e-07
-6.21116e-08
-2.34868e-08
-4.1956e-08
5.94422e-08
1.14604e-07
4.04853e-07
-4.11776e-08
-4.21737e-07
3.65477e-07
-1.17042e-07
3.03705e-07
-1.81931e-07
2.35587e-07
-2.15846e-07
1.57802e-07
-2.35422e-07
9.23216e-08
-2.18132e-07
2.71327e-08
-1.94237e-07
-1.33617e-08
-1.38921e-07
-4.38972e-08
-8.53646e-08
-4.61257e-08
-1.60091e-08
-3.24074e-08
3.92066e-08
8.34609e-08
3.84359e-07
-2.96614e-08
-3.99276e-07
3.47583e-07
-8.54703e-08
2.92216e-07
-1.30252e-07
2.27812e-07
-1.572e-07
1.57731e-07
-1.68501e-07
9.46081e-08
-1.59039e-07
3.59641e-08
-1.39209e-07
-4.05976e-09
-1.01968e-07
-3.1347e-08
-6.16056e-08
-3.59221e-08
-1.36941e-08
-2.50057e-08
2.61406e-08
5.61302e-08
3.68191e-07
-2.17091e-08
-3.82086e-07
3.33873e-07
-5.68379e-08
2.82404e-07
-8.56061e-08
2.21718e-07
-1.01938e-07
1.56281e-07
-1.09623e-07
9.60057e-08
-1.02173e-07
4.12533e-08
-9.13681e-08
2.48237e-09
-6.60976e-08
-2.30825e-08
-4.22188e-08
-2.88654e-08
-1.07152e-08
-2.01428e-08
1.33876e-08
3.24644e-08
6.29318e-07
-6.52486e-07
5.71261e-07
4.84749e-07
3.81578e-07
2.71457e-07
1.67969e-07
7.61783e-08
8.92242e-09
-3.37672e-08
-4.51947e-08
-3.24644e-08
-4.97168e-07
-1.01011e-06
-4.83747e-07
-3.03986e-07
-4.16742e-07
1.26238e-07
-3.23527e-07
4.50109e-07
-2.03878e-07
7.15071e-07
-5.44631e-08
9.3356e-07
1.26879e-07
1.0986e-06
3.3942e-07
1.19136e-06
5.7314e-07
1.1821e-06
8.03497e-07
1.04143e-06
9.81256e-07
7.40218e-07
3.03062e-07
1.05098e-06
-3.11554e-07
-6.94306e-07
-3.56112e-07
-2.5623e-07
-3.19644e-07
9.315e-08
-2.44426e-07
3.77716e-07
-1.39865e-07
6.12793e-07
-8.03151e-09
8.02241e-07
1.4994e-07
9.39989e-07
3.30324e-07
1.00976e-06
5.234e-07
9.90129e-07
7.05168e-07
8.56215e-07
8.42115e-07
6.06016e-07
2.50388e-07
8.93962e-07
-2.0467e-07
-4.86205e-07
-2.59435e-07
-1.98293e-07
-2.40328e-07
7.71772e-08
-1.79285e-07
3.20024e-07
-8.84757e-08
5.2419e-07
2.75171e-08
6.87651e-07
1.64957e-07
8.02635e-07
3.18873e-07
8.5605e-07
4.7884e-07
8.30575e-07
6.27203e-07
7.1472e-07
7.34405e-07
4.9763e-07
2.05882e-07
7.7397e-07
-1.38927e-07
-3.43778e-07
-1.88106e-07
-1.46173e-07
-1.7722e-07
6.90037e-08
-1.26671e-07
2.71549e-07
-4.74227e-08
4.45786e-07
5.46499e-08
5.84703e-07
1.74602e-07
6.8001e-07
3.06543e-07
7.21204e-07
4.41651e-07
6.94675e-07
5.62771e-07
5.90593e-07
6.49924e-07
4.12872e-07
1.72728e-07
6.81425e-07
-9.6391e-08
-2.44122e-07
-1.35857e-07
-1.04081e-07
-1.28036e-07
6.38824e-08
-8.48623e-08
2.30708e-07
-1.51302e-08
3.76937e-07
7.51095e-08
4.94555e-07
1.8051e-07
5.72905e-07
2.94592e-07
6.05774e-07
4.0956e-07
5.79215e-07
5.11695e-07
4.94203e-07
5.83058e-07
3.41085e-07
1.42526e-07
6.08597e-07
-6.78152e-08
-1.73706e-07
-9.75548e-08
-7.19056e-08
-9.01267e-08
5.8499e-08
-5.21647e-08
1.94063e-07
1.01391e-08
3.14233e-07
9.02896e-08
4.12449e-07
1.83987e-07
4.74764e-07
2.83236e-07
5.02929e-07
3.83562e-07
4.76589e-07
4.69253e-07
4.0799e-07
5.29582e-07
2.82608e-07
1.18936e-07
5.51161e-07
-4.80465e-08
-1.22737e-07
-6.95822e-08
-4.83483e-08
-6.12655e-08
5.28846e-08
-2.71167e-08
1.60762e-07
2.95909e-08
2.58947e-07
1.0101e-07
3.3815e-07
1.86065e-07
3.89909e-07
2.72492e-07
4.10543e-07
3.62425e-07
3.90401e-07
4.351e-07
3.34753e-07
4.86603e-07
2.31282e-07
9.65108e-08
5.05263e-07
-3.42649e-08
-8.64321e-08
-4.91326e-08
-3.11975e-08
-3.97214e-08
4.46799e-08
-8.05921e-09
1.30846e-07
4.39746e-08
2.04244e-07
1.08839e-07
2.72608e-07
1.86383e-07
3.04045e-07
2.6345e-07
3.32367e-07
3.4495e-07
3.02212e-07
4.072e-07
2.75051e-07
4.51803e-07
1.85093e-07
7.66964e-08
4.68732e-07
-2.44818e-08
-5.88764e-08
-3.4653e-08
-2.03623e-08
-2.35856e-08
3.82217e-08
5.19328e-09
9.88988e-08
5.53345e-08
1.62058e-07
1.1237e-07
2.02983e-07
1.87876e-07
2.43543e-07
2.53036e-07
2.43688e-07
3.33513e-07
2.46751e-07
3.83367e-07
2.01116e-07
4.23827e-07
1.44408e-07
5.90426e-08
4.39613e-07
-1.7949e-08
-3.86362e-08
-2.40979e-08
-1.14579e-08
-1.28867e-08
2.86849e-08
1.57658e-08
7.32819e-08
6.11997e-08
1.15567e-07
1.17092e-07
1.48121e-07
1.84338e-07
1.7235e-07
2.48755e-07
1.76925e-07
3.19478e-07
1.74752e-07
3.66516e-07
1.42073e-07
4.01368e-07
9.93214e-08
4.17787e-08
4.16529e-07
-1.35032e-08
-2.149e-08
-1.72142e-08
-4.59469e-09
-5.50033e-09
2.03227e-08
2.2243e-08
4.74792e-08
6.52638e-08
7.3407e-08
1.18771e-07
9.20261e-08
1.81604e-07
1.07182e-07
2.43729e-07
1.07451e-07
3.08236e-07
1.08721e-07
3.52775e-07
8.00365e-08
3.84602e-07
5.46176e-08
2.34679e-08
3.98637e-07
-2.09104e-08
-2.49065e-08
-4.23356e-09
4.34612e-08
1.16371e-07
2.08146e-07
3.13816e-07
4.21345e-07
5.26983e-07
6.04569e-07
6.58445e-07
6.81027e-07
9.83482e-07
-1.942e-07
8.09252e-07
-6.32006e-07
5.79677e-07
-9.32314e-07
3.43493e-07
-1.07204e-06
1.27532e-07
-1.08136e-06
-5.6827e-08
-9.89276e-07
-2.07602e-07
-8.26092e-07
-3.26869e-07
-6.1075e-07
-4.18356e-07
-3.50683e-07
-4.83136e-07
-3.29932e-08
-4.95219e-07
3.89442e-07
1.09885e-06
8.4412e-07
-1.49127e-07
7.1106e-07
-5.05305e-07
5.3007e-07
-7.56757e-07
3.34303e-07
-8.9138e-07
1.50393e-07
-9.11736e-07
-1.08587e-08
-8.42623e-07
-1.44383e-07
-7.06152e-07
-2.4905e-07
-5.18922e-07
-3.22926e-07
-2.87876e-07
-3.57654e-07
-8.27533e-09
-3.11405e-07
3.35923e-07
7.74211e-07
7.3623e-07
-1.16183e-07
6.3266e-07
-4.08535e-07
4.85198e-07
-6.24273e-07
3.22588e-07
-7.40605e-07
1.65234e-07
-7.6529e-07
2.44164e-08
-7.12762e-07
-9.34753e-08
-5.98159e-07
-1.84855e-07
-4.3693e-07
-2.44822e-07
-2.35446e-07
-2.62279e-07
2.92824e-09
-2.06621e-07
2.73486e-07
5.66925e-07
6.51568e-07
-9.11047e-08
5.68446e-07
-3.31109e-07
4.47771e-07
-5.11044e-07
3.10375e-07
-6.16467e-07
1.7466e-07
-6.43004e-07
5.15178e-08
-6.02232e-07
-5.28623e-08
-5.073e-07
-1.32778e-07
-3.69385e-07
-1.82703e-07
-1.9765e-07
-1.92076e-07
1.53013e-09
-1.41363e-07
2.13647e-07
4.13029e-07
5.84701e-07
-7.23475e-08
5.16761e-07
-2.69985e-07
4.15258e-07
-4.22758e-07
2.98348e-07
-5.11761e-07
1.80471e-07
-5.35165e-07
7.19536e-08
-5.04227e-07
-2.06904e-08
-4.24346e-07
-9.14156e-08
-3.08668e-07
-1.34172e-07
-1.63517e-07
-1.40441e-07
2.82933e-10
-9.98202e-08
1.65194e-07
3.09748e-07
5.31389e-07
-5.72398e-08
4.74293e-07
-2.18964e-07
3.88302e-07
-3.45874e-07
2.87589e-07
-4.25011e-07
1.83539e-07
-4.42112e-07
8.75199e-08
-4.2017e-07
4.27474e-09
-3.52326e-07
-5.88195e-08
-2.57767e-07
-9.67864e-08
-1.36712e-07
-1.02698e-07
-4.59053e-09
-7.14068e-08
1.24345e-07
2.26699e-07
4.88765e-07
-4.55324e-08
4.39738e-07
-1.77397e-07
3.64965e-07
-2.84599e-07
2.78609e-07
-3.45965e-07
1.84381e-07
-3.6138e-07
9.94002e-08
-3.42604e-07
2.31083e-08
-2.88359e-07
-3.3466e-08
-2.10422e-07
-6.84852e-08
-1.12387e-07
-7.49198e-08
-6.51581e-09
-5.23392e-08
9.24092e-08
1.69288e-07
4.54472e-07
-3.62949e-08
4.11044e-07
-1.41409e-07
3.46362e-07
-2.2622e-07
2.70342e-07
-2.86303e-07
1.8438e-07
-2.822e-07
1.0773e-07
-2.78666e-07
3.73775e-08
-2.26163e-07
-1.43145e-08
-1.70982e-07
-4.71811e-08
-8.93128e-08
-5.48033e-08
-9.48605e-09
-3.86807e-08
6.70601e-08
1.21742e-07
4.27031e-07
-2.82422e-08
3.88055e-07
-1.09231e-07
3.29023e-07
-1.81045e-07
2.65909e-07
-2.07969e-07
1.81488e-07
-2.28662e-07
1.15041e-07
-2.05693e-07
4.65109e-08
-1.81383e-07
5.335e-10
-1.27769e-07
-3.20341e-08
-7.27705e-08
-4.00961e-08
-8.16502e-09
-2.9387e-08
4.6476e-08
8.76908e-08
4.0525e-07
-2.10197e-08
3.68564e-07
-8.17593e-08
3.18234e-07
-1.25828e-07
2.57371e-07
-1.51327e-07
1.81927e-07
-1.65106e-07
1.16967e-07
-1.52347e-07
5.46871e-08
-1.32783e-07
9.81567e-09
-9.62797e-08
-2.05113e-08
-5.57471e-08
-3.0104e-08
-1.01676e-08
-2.26322e-08
2.87946e-08
5.78101e-08
3.879e-07
-1.62725e-08
3.54573e-07
-5.48426e-08
3.08165e-07
-7.87939e-08
2.50324e-07
-9.65135e-08
1.8055e-07
-1.13179e-07
1.17902e-07
-1.04443e-07
5.95061e-08
-9.4957e-08
1.61241e-08
-7.12456e-08
-1.28241e-08
-4.616e-08
-2.32964e-08
-1.63598e-08
-1.7998e-08
8.96315e-09
2.8486e-08
6.62703e-07
6.07961e-07
5.28989e-07
4.29259e-07
3.13638e-07
2.05543e-07
1.07412e-07
3.27258e-08
-1.63741e-08
-3.53363e-08
-2.8486e-08
-5.00784e-07
-1.05053e-06
-4.92904e-07
-3.43047e-07
-4.30356e-07
8.55065e-08
-3.4014e-07
4.0902e-07
-2.21952e-07
6.74245e-07
-7.27881e-08
8.93566e-07
1.09205e-07
1.05984e-06
3.22582e-07
1.15417e-06
5.57029e-07
1.14724e-06
7.85635e-07
1.00564e-06
9.62381e-07
7.07792e-07
2.68596e-07
1.03017e-06
-3.15927e-07
-7.30429e-07
-3.65552e-07
-2.90875e-07
-3.33094e-07
5.71984e-08
-2.60646e-07
3.42001e-07
-1.57362e-07
5.77282e-07
-2.5663e-08
7.67884e-07
1.33036e-07
9.06558e-07
3.14452e-07
9.77912e-07
5.07346e-07
9.58957e-07
6.88576e-07
8.28302e-07
8.23043e-07
5.74092e-07
2.17099e-07
8.73252e-07
-2.09519e-07
-5.21837e-07
-2.69027e-07
-2.31504e-07
-2.53456e-07
4.38954e-08
-1.95138e-07
2.86823e-07
-1.05336e-07
4.91941e-07
1.04653e-08
6.56199e-07
1.48789e-07
7.72418e-07
3.03482e-07
8.26673e-07
4.63934e-07
8.02762e-07
6.09902e-07
6.85085e-07
7.15353e-07
4.70263e-07
1.76134e-07
7.53369e-07
-1.43905e-07
-3.74394e-07
-1.97529e-07
-1.74041e-07
-1.90073e-07
4.03718e-08
-1.41987e-07
2.44183e-07
-6.37637e-08
4.18434e-07
3.82269e-08
5.58747e-07
1.58951e-07
6.54396e-07
2.91828e-07
6.96497e-07
4.26597e-07
6.69726e-07
5.46352e-07
5.67111e-07
6.30669e-07
3.85584e-07
1.44622e-07
6.60844e-07
-1.01258e-07
-2.71349e-07
-1.45269e-07
-1.29564e-07
-1.40353e-07
3.96041e-08
-9.98775e-08
2.05704e-07
-3.08384e-08
3.54098e-07
5.90831e-08
4.70718e-07
1.65368e-07
5.51423e-07
2.80108e-07
5.82401e-07
3.9513e-07
5.57671e-07
4.94737e-07
4.67929e-07
5.63993e-07
3.16756e-07
1.17539e-07
5.88088e-07
-7.27034e-08
-1.95529e-07
-1.06529e-07
-9.19896e-08
-1.02359e-07
3.92309e-08
-6.64287e-08
1.74482e-07
-5.47636e-09
2.96873e-07
7.50741e-08
3.93152e-07
1.68737e-07
4.58453e-07
2.69422e-07
4.82405e-07
3.68407e-07
4.58477e-07
4.53036e-07
3.83742e-07
5.10747e-07
2.57855e-07
9.64178e-08
5.31049e-07
-5.28346e-08
-1.4106e-07
-7.82192e-08
-6.51323e-08
-7.33239e-08
3.7077e-08
-4.06606e-08
1.44752e-07
1.38898e-08
2.44448e-07
8.66861e-08
3.22513e-07
1.70267e-07
3.75625e-07
2.59427e-07
3.93352e-07
3.46336e-07
3.72976e-07
4.19096e-07
3.10294e-07
4.6858e-07
2.0831e-07
7.67796e-08
4.85492e-07
-3.89258e-08
-9.96929e-08
-5.74192e-08
-4.47465e-08
-5.15863e-08
3.57134e-08
-2.10572e-08
1.16318e-07
2.83604e-08
1.99186e-07
9.50463e-08
2.55981e-07
1.7034e-07
3.00758e-07
2.50592e-07
3.11515e-07
3.27843e-07
2.9521e-07
3.91784e-07
2.45728e-07
4.34738e-07
1.64288e-07
6.06256e-08
4.49674e-07
-2.92782e-08
-7.09066e-08
-4.19636e-08
-2.86291e-08
-3.62162e-08
2.6677e-08
-5.86644e-09
9.39976e-08
3.7954e-08
1.49415e-07
1.01221e-07
2.00508e-07
1.69005e-07
2.28539e-07
2.42895e-07
2.40283e-07
3.12749e-07
2.25981e-07
3.69765e-07
1.87344e-07
4.07933e-07
1.24967e-07
4.56112e-08
4.21118e-07
-2.2134e-08
-4.72534e-08
-3.18237e-08
-1.90061e-08
-2.41553e-08
2.13681e-08
3.60784e-09
6.76724e-08
4.58666e-08
1.08669e-07
1.04038e-07
1.44202e-07
1.67785e-07
1.64603e-07
2.35873e-07
1.7217e-07
3.0029e-07
1.62143e-07
3.52215e-07
1.33337e-07
3.8679e-07
8.86489e-08
3.2455e-08
3.98935e-07
-1.75206e-08
-2.82286e-08
-2.47576e-08
-1.0254e-08
-1.62836e-08
1.48896e-08
1.01073e-08
4.4504e-08
5.06963e-08
6.92456e-08
1.05349e-07
9.22565e-08
1.65842e-07
1.03331e-07
2.29831e-07
1.08299e-07
2.90029e-07
1.01906e-07
3.38433e-07
8.2381e-08
3.70515e-07
5.43725e-08
1.92816e-08
3.81753e-07
-2.79529e-08
-3.78956e-08
-2.23871e-08
2.22636e-08
9.20548e-08
1.84165e-07
2.87494e-07
3.95846e-07
4.97304e-07
5.79286e-07
6.33342e-07
6.52031e-07
9.58845e-07
-2.29782e-07
7.79821e-07
-6.67791e-07
5.50176e-07
-9.65096e-07
3.15505e-07
-1.10612e-06
1.01964e-07
-1.11347e-06
-7.99716e-08
-1.01988e-06
-2.28589e-07
-8.55097e-07
-3.45781e-07
-6.37204e-07
-4.34818e-07
-3.73352e-07
-4.95524e-07
-5.09434e-08
-5.00881e-07
3.75716e-07
1.08311e-06
8.19902e-07
-1.83558e-07
6.83022e-07
-5.4016e-07
5.00783e-07
-7.93323e-07
3.07394e-07
-9.23453e-07
1.25732e-07
-9.42341e-07
-3.31157e-08
-8.7168e-07
-1.64263e-07
-7.33999e-07
-2.66557e-07
-5.44598e-07
-3.37774e-07
-3.10439e-07
-3.68642e-07
-2.66968e-08
-3.17044e-07
3.20658e-07
7.60494e-07
7.12373e-07
-1.47509e-07
6.04726e-07
-4.40758e-07
4.57634e-07
-6.54833e-07
2.96578e-07
-7.72129e-07
1.41449e-07
-7.96006e-07
2.90204e-09
-7.42284e-07
-1.12412e-07
-6.2693e-07
-2.01222e-07
-4.63856e-07
-2.58318e-07
-2.59689e-07
-2.72242e-07
-1.77167e-08
-2.11344e-07
2.5645e-07
5.48807e-07
6.27959e-07
-1.20665e-07
5.41456e-07
-3.60658e-07
4.20511e-07
-5.41702e-07
2.85066e-07
-6.43733e-07
1.51625e-07
-6.70438e-07
3.06024e-08
-6.28559e-07
-7.09871e-08
-5.33566e-07
-1.48182e-07
-3.93962e-07
-1.95071e-07
-2.20384e-07
-2.00978e-07
-1.74758e-08
-1.45822e-07
1.96949e-07
3.97985e-07
5.61554e-07
-9.7338e-08
4.90045e-07
-2.95801e-07
3.89295e-07
-4.46021e-07
2.73493e-07
-5.35932e-07
1.58134e-07
-5.60334e-07
5.14587e-08
-5.29865e-07
-3.80813e-08
-4.4949e-07
-1.06103e-07
-3.33681e-07
-1.45457e-07
-1.85751e-07
-1.48649e-07
-1.99931e-08
-1.03471e-07
1.48496e-07
2.92468e-07
5.08515e-07
-7.99976e-08
4.48638e-07
-2.40407e-07
3.62649e-07
-3.65511e-07
2.63005e-07
-4.4076e-07
1.61536e-07
-4.63893e-07
6.75276e-08
-4.40929e-07
-1.2751e-08
-3.75078e-07
-7.26321e-08
-2.79845e-07
-1.07437e-07
-1.57135e-07
-1.09986e-07
-2.29137e-08
-7.47809e-08
1.08922e-07
2.13044e-07
4.66597e-07
-6.34976e-08
4.14939e-07
-1.93778e-07
3.40586e-07
-2.95348e-07
2.53293e-07
-3.58374e-07
1.63007e-07
-3.78748e-07
7.93955e-08
-3.61439e-07
6.54652e-09
-3.08368e-07
-4.66805e-08
-2.3075e-07
-7.85093e-08
-1.30892e-07
-8.14871e-08
-2.35919e-08
-5.50413e-08
7.87978e-08
1.56197e-07
4.33029e-07
-5.12528e-08
3.87785e-07
-1.52734e-07
3.22138e-07
-2.32765e-07
2.44576e-07
-2.85236e-07
1.6314e-07
-2.98585e-07
8.7888e-08
-2.91454e-07
2.1074e-08
-2.43555e-07
-2.6931e-08
-1.89343e-07
-5.67426e-08
-1.04376e-07
-6.05902e-08
-2.57471e-08
-4.10251e-08
5.59387e-08
1.10787e-07
4.06646e-07
-3.84196e-08
3.66095e-07
-1.16448e-07
3.0662e-07
-1.7915e-07
2.37522e-07
-2.15717e-07
1.61296e-07
-2.33865e-07
9.47568e-08
-2.18886e-07
3.03461e-08
-1.94064e-07
-1.12536e-08
-1.40529e-07
-4.16266e-08
-8.64993e-08
-4.48552e-08
-1.83583e-08
-3.15024e-08
3.68536e-08
8.02532e-08
3.85752e-07
-2.79745e-08
3.48559e-07
-8.47331e-08
2.94628e-07
-1.28602e-07
2.29951e-07
-1.56718e-07
1.60768e-07
-1.67663e-07
9.71538e-08
-1.59292e-07
3.88156e-08
-1.39329e-07
-1.91168e-09
-1.02969e-07
-2.93246e-08
-6.25827e-08
-3.46763e-08
-1.53335e-08
-2.42299e-08
2.43913e-08
5.39033e-08
3.69406e-07
-1.95545e-08
3.34977e-07
-5.66056e-08
2.84583e-07
-8.41491e-08
2.23874e-07
-1.01746e-07
1.59086e-07
-1.08775e-07
9.85246e-08
-1.02456e-07
4.39102e-08
-9.12946e-08
4.5939e-09
-6.68741e-08
-2.12042e-08
-4.27486e-08
-2.76607e-08
-1.17979e-08
-1.94374e-08
1.24427e-08
3.12447e-08
6.31045e-07
5.73406e-07
4.88269e-07
3.8543e-07
2.76085e-07
1.7239e-07
8.06037e-08
1.26184e-08
-3.06294e-08
-4.30865e-08
-3.12447e-08
-4.93396e-07
-9.97832e-07
-4.80808e-07
-2.98549e-07
-4.14817e-07
1.27956e-07
-3.22392e-07
4.49105e-07
-2.03173e-07
7.11627e-07
-5.37801e-08
9.27715e-07
1.27731e-07
1.09019e-06
3.40396e-07
1.18028e-06
5.7406e-07
1.16805e-06
8.04468e-07
1.02348e-06
9.83228e-07
7.18766e-07
2.77641e-07
1.05378e-06
-3.0948e-07
-6.85537e-07
-3.54252e-07
-2.51635e-07
-3.18504e-07
9.47418e-08
-2.43984e-07
3.76798e-07
-1.39834e-07
6.09614e-07
-8.06492e-09
7.96782e-07
1.50038e-07
9.32245e-07
3.30466e-07
9.99441e-07
5.2323e-07
9.77183e-07
7.05158e-07
8.40424e-07
8.42958e-07
5.86386e-07
2.27353e-07
8.95739e-07
-2.03537e-07
-4.79372e-07
-2.58383e-07
-1.94311e-07
-2.39855e-07
7.87023e-08
-1.79432e-07
3.19304e-07
-8.9031e-08
5.21319e-07
2.68971e-08
6.82692e-07
1.64392e-07
7.95422e-07
3.18337e-07
8.46641e-07
4.77942e-07
8.18743e-07
6.26207e-07
6.9998e-07
7.34357e-07
4.80176e-07
1.85721e-07
7.75027e-07
-1.38377e-07
-3.38852e-07
-1.87666e-07
-1.43127e-07
-1.77296e-07
7.01658e-08
-1.27334e-07
2.70804e-07
-4.84698e-08
4.43221e-07
5.34997e-08
5.8022e-07
1.7352e-07
6.7376e-07
3.05434e-07
7.12701e-07
4.40071e-07
6.84334e-07
5.61141e-07
5.77761e-07
6.49225e-07
3.97419e-07
1.54932e-07
6.81899e-07
-9.61936e-08
-2.40256e-07
-1.35851e-07
-1.01576e-07
-1.28541e-07
6.48626e-08
-8.59224e-08
2.30096e-07
-1.65904e-08
3.7466e-07
7.35826e-08
4.9066e-07
1.7894e-07
5.67192e-07
2.9309e-07
5.98375e-07
4.07448e-07
5.69946e-07
5.09506e-07
4.82812e-07
5.81844e-07
3.27613e-07
1.2755e-07
6.08668e-07
-6.78511e-08
-1.70901e-07
-9.78726e-08
-7.0097e-08
-9.09602e-08
5.91779e-08
-5.35578e-08
1.93435e-07
8.36351e-09
3.12354e-07
8.84063e-08
4.09082e-07
1.8209e-07
4.70288e-07
2.81366e-07
4.96387e-07
3.8104e-07
4.68998e-07
4.66664e-07
3.97892e-07
5.28072e-07
2.71208e-07
1.0625e-07
5.50906e-07
-4.82422e-08
-1.20604e-07
-7.01198e-08
-4.69509e-08
-6.23444e-08
5.33886e-08
-2.87332e-08
1.60259e-07
2.75519e-08
2.57324e-07
9.89414e-08
3.35442e-07
1.83791e-07
3.85943e-07
2.70448e-07
4.05164e-07
3.5945e-07
3.83763e-07
4.32301e-07
3.26326e-07
4.84865e-07
2.21794e-07
8.66878e-08
5.04813e-07
-3.45687e-08
-8.49537e-08
-4.98286e-08
-3.02882e-08
-4.09698e-08
4.49706e-08
-9.85578e-09
1.30311e-07
4.17699e-08
2.0319e-07
1.06573e-07
2.70305e-07
1.83886e-07
3.0178e-07
2.61207e-07
3.27512e-07
3.41695e-07
2.97629e-07
4.04254e-07
2.6741e-07
4.50036e-07
1.77569e-07
6.90784e-08
4.68099e-07
-2.48645e-08
-5.788e-08
-3.54461e-08
-1.97133e-08
-2.49574e-08
3.83339e-08
3.33835e-09
9.86325e-08
5.2949e-08
1.609e-07
1.10154e-07
2.01872e-07
1.84965e-07
2.40698e-07
2.50884e-07
2.41093e-07
3.29775e-07
2.41859e-07
3.80498e-07
1.96147e-07
4.22077e-07
1.38858e-07
5.38964e-08
4.38925e-07
-1.83724e-08
-3.81996e-08
-2.49667e-08
-1.12482e-08
-1.42965e-08
2.85729e-08
1.37954e-08
7.27881e-08
5.88673e-08
1.14794e-07
1.14625e-07
1.47067e-07
1.81524e-07
1.70626e-07
2.46256e-07
1.75119e-07
3.15798e-07
1.71454e-07
3.63603e-07
1.39117e-07
3.99719e-07
9.65334e-08
3.90064e-08
4.1579e-07
-1.39507e-08
-2.20641e-08
-1.81182e-08
-5.17457e-09
-6.94477e-09
1.95707e-08
2.0265e-08
4.66551e-08
6.29301e-08
7.27354e-08
1.16243e-07
9.1516e-08
1.7883e-07
1.06538e-07
2.41038e-07
1.07177e-07
3.04679e-07
1.07169e-07
3.49944e-07
8.02284e-08
3.82987e-07
5.56993e-08
2.41856e-08
3.97819e-07
-2.17175e-08
-2.65017e-08
-6.74313e-09
4.00732e-08
1.12371e-07
2.03752e-07
3.09095e-07
4.16448e-07
5.21177e-07
5.9985e-07
6.55583e-07
6.79382e-07
9.86361e-07
-2.23145e-07
8.10403e-07
-6.63919e-07
5.80525e-07
-9.6599e-07
3.45064e-07
-1.1095e-06
1.30534e-07
-1.12079e-06
-5.26739e-08
-1.03057e-06
-2.02759e-07
-8.68518e-07
-3.22301e-07
-6.53853e-07
-4.14744e-07
-3.93519e-07
-4.8092e-07
-7.49986e-08
-4.94347e-07
3.48811e-07
1.05555e-06
8.46127e-07
-1.74832e-07
7.11704e-07
-5.33418e-07
5.29863e-07
-7.88068e-07
3.35302e-07
-9.23563e-07
1.52822e-07
-9.45953e-07
-7.09587e-09
-8.78356e-07
-1.39819e-07
-7.43385e-07
-2.44497e-07
-5.5683e-07
-3.19156e-07
-3.26075e-07
-3.55103e-07
-4.59587e-08
-3.10007e-07
2.99031e-07
7.34368e-07
7.3758e-07
-1.38681e-07
6.32469e-07
-4.3302e-07
4.84771e-07
-6.49941e-07
3.23045e-07
-7.69105e-07
1.67225e-07
-7.95449e-07
2.77209e-08
-7.44491e-07
-8.9174e-08
-6.31145e-07
-1.80465e-07
-4.7083e-07
-2.40993e-07
-2.69659e-07
-2.59574e-07
-3.11118e-08
-2.04979e-07
2.39998e-07
5.30543e-07
6.52413e-07
-1.10644e-07
5.67975e-07
-3.52205e-07
4.46671e-07
-5.34355e-07
3.10424e-07
-6.40485e-07
1.76236e-07
-6.68679e-07
5.44557e-08
-6.2916e-07
-4.88645e-08
-5.35687e-07
-1.28549e-07
-3.98547e-07
-1.78907e-07
-2.27517e-07
-1.89291e-07
-2.83242e-08
-1.39621e-07
1.83918e-07
3.80795e-07
5.85178e-07
-8.88485e-08
5.15798e-07
-2.87909e-07
4.1402e-07
-4.41395e-07
2.98022e-07
-5.32557e-07
1.81733e-07
-5.57182e-07
7.4505e-08
-5.2766e-07
-1.69455e-08
-4.48775e-07
-8.74276e-08
-3.34122e-07
-1.30447e-07
-1.89475e-07
-1.37682e-07
-2.58863e-08
-9.80266e-08
1.39147e-07
2.81493e-07
5.31554e-07
-7.09324e-08
4.73198e-07
-2.33697e-07
3.86629e-07
-3.62076e-07
2.8701e-07
-4.41638e-07
1.84476e-07
-4.60444e-07
8.98103e-08
-4.39272e-07
7.72937e-09
-3.72909e-07
-5.5016e-08
-2.78848e-07
-9.31783e-08
-1.58799e-07
-9.99664e-08
-2.67389e-08
-6.9609e-08
1.02075e-07
2.02997e-07
4.88719e-07
-5.63684e-08
4.3837e-07
-1.8921e-07
3.63239e-07
-2.96626e-07
2.77701e-07
-3.5956e-07
1.85145e-07
-3.76237e-07
1.0135e-07
-3.58427e-07
2.63964e-08
-3.05177e-07
-2.99372e-08
-2.27955e-07
-6.49589e-08
-1.30639e-07
-7.22654e-08
-2.49382e-08
-5.04791e-08
7.40754e-08
1.4969e-07
4.54243e-07
-4.42854e-08
4.09662e-07
-1.49912e-07
3.44373e-07
-2.35334e-07
2.69212e-07
-2.95745e-07
1.84948e-07
-2.93791e-07
1.09454e-07
-2.90273e-07
4.04674e-08
-2.39512e-07
-1.09894e-08
-1.84229e-07
-4.37547e-08
-1.03989e-07
-5.21832e-08
-2.38253e-08
-3.68123e-08
5.24642e-08
1.06532e-07
4.26715e-07
-3.37754e-08
3.86591e-07
-1.15371e-07
3.27013e-07
-1.87047e-07
2.64418e-07
-2.15437e-07
1.82042e-07
-2.36424e-07
1.16422e-07
-2.15012e-07
4.956e-08
-1.90669e-07
3.53989e-09
-1.38362e-07
-2.8613e-08
-8.33305e-08
-3.75719e-08
-1.93503e-08
-2.7465e-08
3.56796e-08
7.59603e-08
4.04838e-07
-2.4366e-08
3.6715e-07
-8.57115e-08
3.16016e-07
-1.30203e-07
2.55858e-07
-1.55739e-07
1.82208e-07
-1.69503e-07
1.18327e-07
-1.57601e-07
5.74578e-08
-1.38187e-07
1.27705e-08
-1.02651e-07
-1.72607e-08
-6.22598e-08
-2.75619e-08
-1.72669e-08
-2.077e-08
2.1831e-08
4.99284e-08
3.87398e-07
-1.67448e-08
3.53119e-07
-5.65388e-08
3.05982e-07
-8.0546e-08
2.48842e-07
-9.6631e-08
1.80688e-07
-1.11967e-07
1.19212e-07
-1.03662e-07
6.20698e-08
-9.41319e-08
1.90007e-08
-7.16165e-08
-9.72862e-09
-4.67859e-08
-2.07804e-08
-1.79932e-08
-1.6239e-08
7.04691e-09
2.55211e-08
6.61598e-07
6.05437e-07
5.25535e-07
4.26956e-07
3.13792e-07
2.07816e-07
1.11609e-07
3.76464e-08
-1.12214e-08
-3.10441e-08
-2.55211e-08
-5.01038e-07
-1.08662e-06
-4.94215e-07
-3.754e-07
-4.32269e-07
5.43245e-08
-3.42284e-07
3.79685e-07
-2.24345e-07
6.46663e-07
-7.53734e-08
8.68016e-07
1.06314e-07
1.03619e-06
3.19609e-07
1.13278e-06
5.54084e-07
1.12811e-06
7.83021e-07
9.89252e-07
9.59602e-07
6.93866e-07
2.58142e-07
-3.16193e-07
-7.61587e-07
-3.66514e-07
-3.1925e-07
-3.34463e-07
2.98186e-08
-2.62267e-07
3.15927e-07
-1.59149e-07
5.52899e-07
-2.76755e-08
7.45098e-07
1.30823e-07
8.85688e-07
3.12157e-07
9.58914e-07
5.05211e-07
9.42236e-07
6.86689e-07
8.13779e-07
8.21273e-07
5.62186e-07
2.07047e-07
-2.09865e-07
-5.50671e-07
-2.69716e-07
-2.57353e-07
-2.54463e-07
1.88774e-08
-1.96293e-07
2.63055e-07
-1.06678e-07
4.69625e-07
8.98426e-09
6.35494e-07
1.471e-07
7.534e-07
3.01817e-07
8.09534e-07
4.62405e-07
7.87591e-07
6.08724e-07
6.71989e-07
7.14093e-07
4.59052e-07
1.67563e-07
-1.44177e-07
-3.98838e-07
-1.98004e-07
-1.96174e-07
-1.9076e-07
1.89003e-08
-1.4277e-07
2.23683e-07
-6.46924e-08
3.99196e-07
3.71807e-08
5.4079e-07
1.57747e-07
6.38019e-07
2.90668e-07
6.81657e-07
4.25598e-07
6.56806e-07
5.4565e-07
5.55675e-07
6.30069e-07
3.76057e-07
1.36586e-07
-1.01495e-07
-2.93192e-07
-1.45586e-07
-1.49147e-07
-1.40807e-07
2.05808e-08
-1.0036e-07
1.87593e-07
-3.14597e-08
3.37058e-07
5.8414e-08
4.54894e-07
1.64534e-07
5.36961e-07
2.79405e-07
5.694e-07
3.94485e-07
5.46222e-07
4.9448e-07
4.57809e-07
5.63741e-07
3.08043e-07
1.11042e-07
-7.28454e-08
-2.13319e-07
-1.0672e-07
-1.0828e-07
-1.02611e-07
2.36021e-08
-6.66742e-08
1.59316e-07
-5.82726e-09
2.82901e-07
7.47073e-08
3.79797e-07
1.6823e-07
4.4673e-07
2.69062e-07
4.71391e-07
3.68057e-07
4.49386e-07
4.53083e-07
3.74812e-07
5.1097e-07
2.50714e-07
9.07206e-08
-5.2961e-08
-1.5612e-07
-7.82748e-08
-7.87585e-08
-7.34781e-08
2.3924e-08
-4.06627e-08
1.32139e-07
1.36692e-08
2.32672e-07
8.66528e-08
3.11487e-07
1.69912e-07
3.65727e-07
2.59459e-07
3.8433e-07
3.46024e-07
3.65112e-07
4.195e-07
3.02755e-07
4.69087e-07
2.02126e-07
7.28334e-08
-3.89954e-08
-1.11123e-07
-5.73845e-08
-5.54097e-08
-5.16354e-08
2.58891e-08
-2.09013e-08
1.06256e-07
2.82858e-08
1.90662e-07
9.52264e-08
2.4694e-07
1.70157e-07
2.93996e-07
2.50841e-07
3.03781e-07
3.27598e-07
2.9011e-07
3.92436e-07
2.386e-07
4.35658e-07
1.59367e-07
5.74608e-08
-2.93595e-08
-7.99345e-08
-4.17798e-08
-3.64689e-08
-3.63068e-08
1.86736e-08
-5.43921e-09
8.70185e-08
3.77887e-08
1.42032e-07
1.01804e-07
1.94734e-07
1.68652e-07
2.22042e-07
2.4361e-07
2.35878e-07
3.12147e-07
2.20217e-07
3.70799e-07
1.83031e-07
4.09149e-07
1.21036e-07
4.44271e-08
-2.21161e-08
-5.28846e-08
-3.1671e-08
-2.39925e-08
-2.40712e-08
1.64612e-08
3.95873e-09
6.3202e-08
4.59762e-08
1.04204e-07
1.04488e-07
1.40405e-07
1.67792e-07
1.60716e-07
2.36344e-07
1.69157e-07
2.99945e-07
1.58478e-07
3.53293e-07
1.31032e-07
3.88447e-07
8.69772e-08
3.07826e-08
-1.74584e-08
-2.89505e-08
-2.45951e-08
-1.0846e-08
-1.61311e-08
1.41888e-08
1.04524e-08
4.40956e-08
5.09109e-08
6.84986e-08
1.05777e-07
9.19625e-08
1.65988e-07
1.02503e-07
2.30189e-07
1.08074e-07
2.89908e-07
1.00837e-07
3.39592e-07
8.35029e-08
3.72141e-07
5.50207e-08
1.77424e-08
-2.783e-08
-3.76358e-08
-2.2067e-08
2.27943e-08
9.25134e-08
1.84799e-07
2.87865e-07
3.96301e-07
4.97521e-07
5.81198e-07
6.35726e-07
)
;

boundaryField
{
    rotor
    {
        type            calculated;
        value           uniform 0;
    }
    stator
    {
        type            calculated;
        value           uniform 0;
    }
    front
    {
        type            empty;
        value           nonuniform 0();
    }
    back
    {
        type            empty;
        value           nonuniform 0();
    }
}


// ************************************************************************* //
