/*--------------------------------*- C++ -*----------------------------------*\
  =========                 |
  \\      /  F ield         | OpenFOAM: The Open Source CFD Toolbox
   \\    /   O peration     | Website:  https://openfoam.org
    \\  /    A nd           | Version:  6
     \\/     M anipulation  |
\*---------------------------------------------------------------------------*/
FoamFile
{
    version     2.0;
    format      ascii;
    class       vectorField;
    location    "constant/polyMesh";
    object      points;
}
// * * * * * * * * * * * * * * * * * * * * * * * * * * * * * * * * * * * * * //


1674
(
(0.05 0 0)
(0.05 0 0.01)
(8.974483685e-11 0.05 0)
(8.974483685e-11 0.05 0.01)
(3.589793474e-11 0.02 0)
(0.001308062619 0.01995717846 0)
(0.002610523877 0.01982889722 0)
(0.003901806471 0.0196157056 0)
(0.005176380931 0.01931851652 0)
(0.006428789333 0.01893860258 0)
(0.007653668672 0.01847759064 0)
(0.008845773827 0.01793745482 0)
(0.01000000002 0.01732050806 0)
(0.01111140468 0.01662939223 0)
(0.0121752286 0.01586706679 0)
(0.01318691632 0.01503679614 0)
(0.01414213564 0.01414213561 0)
(4.038517658e-11 0.0225 0)
(0.001471570446 0.02245182577 0)
(0.002936839362 0.02230750938 0)
(0.00438953228 0.0220676688 0)
(0.005823428547 0.02173333108 0)
(0.007232388 0.0213059279 0)
(0.008610377256 0.02078728947 0)
(0.009951495556 0.02017963667 0)
(0.01125000002 0.01948557157 0)
(0.01250033026 0.01870806626 0)
(0.01369713217 0.01785045014 0)
(0.01483528086 0.01691639565 0)
(0.01590990259 0.01590990256 0)
(4.487241842e-11 0.025 0)
(0.001635078274 0.02494647308 0)
(0.003263154846 0.02478612153 0)
(0.004877258089 0.024519632 0)
(0.006470476164 0.02414814565 0)
(0.008035986666 0.02367325323 0)
(0.00956708584 0.0230969883 0)
(0.01105721728 0.02242181852 0)
(0.01250000003 0.02165063508 0)
(0.01388925585 0.02078674029 0)
(0.01521903575 0.01983383349 0)
(0.0164836454 0.01879599517 0)
(0.01767766955 0.01767766951 0)
(4.935966027e-11 0.0275 0)
(0.001798586101 0.02744112039 0)
(0.003589470331 0.02726473368 0)
(0.005364983898 0.0269715952 0)
(0.00711752378 0.02656296021 0)
(0.008839585333 0.02604057855 0)
(0.01052379442 0.02540668713 0)
(0.01216293901 0.02466400038 0)
(0.01375000003 0.02381569859 0)
(0.01527818143 0.02286541432 0)
(0.01674093932 0.02181721684 0)
(0.01813200994 0.02067559469 0)
(0.0194454365 0.01944543647 0)
(5.384690211e-11 0.03 0)
(0.001962093928 0.02993576769 0)
(0.003915785816 0.02974334583 0)
(0.005852709707 0.0294235584 0)
(0.007764571396 0.02897777478 0)
(0.009643183999 0.02840790387 0)
(0.01148050301 0.02771638596 0)
(0.01326866074 0.02690618223 0)
(0.01500000003 0.0259807621 0)
(0.01666710702 0.02494408835 0)
(0.0182628429 0.02380060019 0)
(0.01978037447 0.02255519421 0)
(0.02121320345 0.02121320342 0)
(5.833414395e-11 0.0325 0)
(0.002125601756 0.032430415 0)
(0.0042421013 0.03222195799 0)
(0.006340435516 0.0318755216 0)
(0.008411619013 0.03139258934 0)
(0.01044678267 0.03077522919 0)
(0.01243721159 0.03002608479 0)
(0.01437438247 0.02914836408 0)
(0.01625000003 0.0281458256 0)
(0.0180560326 0.02702276238 0)
(0.01978474647 0.02578398354 0)
(0.02142873901 0.02443479372 0)
(0.02298097041 0.02298097037 0)
(6.282138579e-11 0.035 0)
(0.002289109583 0.03492506231 0)
(0.004568416785 0.03470057014 0)
(0.006828161324 0.0343274848 0)
(0.009058666629 0.03380740391 0)
(0.01125038133 0.03314255452 0)
(0.01339392018 0.03233578362 0)
(0.0154801042 0.03139054593 0)
(0.01750000004 0.03031088911 0)
(0.01944495819 0.02910143641 0)
(0.02130665004 0.02776736689 0)
(0.02307710355 0.02631439324 0)
(0.02474873736 0.02474873732 0)
(6.730862764e-11 0.0375 0)
(0.00245261741 0.03741970962 0)
(0.004894732269 0.03717918229 0)
(0.007315887133 0.036779448 0)
(0.009705714246 0.03622221847 0)
(0.01205398 0.03550987984 0)
(0.01435062876 0.03464548245 0)
(0.01658582593 0.03363272779 0)
(0.01875000004 0.03247595262 0)
(0.02083388377 0.03118011044 0)
(0.02282855362 0.02975075024 0)
(0.02472546809 0.02819399276 0)
(0.02651650432 0.02651650427 0)
(7.179586948e-11 0.04 0)
(0.002616125238 0.03991435693 0)
(0.005221047754 0.03965779445 0)
(0.007803612942 0.0392314112 0)
(0.01035276186 0.03863703304 0)
(0.01285757867 0.03787720516 0)
(0.01530733734 0.03695518128 0)
(0.01769154765 0.03587490964 0)
(0.02000000004 0.03464101613 0)
(0.02222280936 0.03325878447 0)
(0.02435045719 0.03173413359 0)
(0.02637383263 0.03007359227 0)
(0.02828427127 0.02828427122 0)
(7.628311132e-11 0.0425 0)
(0.002779633065 0.04240900423 0)
(0.005547363239 0.0421364066 0)
(0.008291338751 0.0416833744 0)
(0.01099980948 0.0410518476 0)
(0.01366117733 0.04024453048 0)
(0.01626404593 0.03926488011 0)
(0.01879726938 0.03811709149 0)
(0.02125000004 0.03680607964 0)
(0.02361173494 0.0353374585 0)
(0.02587236077 0.03371751694 0)
(0.02802219717 0.03195319179 0)
(0.03005203823 0.03005203817 0)
(8.077035316e-11 0.045 0)
(0.002943140893 0.04490365154 0)
(0.005873678723 0.04461501875 0)
(0.00877906456 0.0441353376 0)
(0.01164685709 0.04346666217 0)
(0.014464776 0.04261185581 0)
(0.01722075451 0.04157457894 0)
(0.01990299111 0.04035927334 0)
(0.02250000005 0.03897114314 0)
(0.02500066053 0.03741613253 0)
(0.02739426434 0.03570090028 0)
(0.02967056171 0.03383279131 0)
(0.03181980518 0.03181980512 0)
(8.525759501e-11 0.0475 0)
(0.00310664872 0.04739829885 0)
(0.006199994208 0.04709363091 0)
(0.009266790369 0.0465873008 0)
(0.01229390471 0.04588147673 0)
(0.01526837467 0.04497918113 0)
(0.0181774631 0.04388427777 0)
(0.02100871284 0.0426014552 0)
(0.02375000005 0.04113620665 0)
(0.02638958611 0.03949480655 0)
(0.02891616792 0.03768428363 0)
(0.03131892625 0.03571239082 0)
(0.03358757214 0.03358757208 0)
(0.003270156547 0.04989294616 0)
(0.006526309693 0.04957224306 0)
(0.009754516178 0.049039264 0)
(0.01294095233 0.0482962913 0)
(0.01607197333 0.04734650645 0)
(0.01913417168 0.0461939766 0)
(0.02211443457 0.04484363705 0)
(0.02500000005 0.04330127016 0)
(0.0277785117 0.04157348058 0)
(0.03043807149 0.03966766698 0)
(0.03296729079 0.03759199034 0)
(0.03535533909 0.03535533903 0)
(3.589793474e-11 0.02 0.01)
(0.001308062619 0.01995717846 0.01)
(0.002610523877 0.01982889722 0.01)
(0.003901806471 0.0196157056 0.01)
(0.005176380931 0.01931851652 0.01)
(0.006428789333 0.01893860258 0.01)
(0.007653668672 0.01847759064 0.01)
(0.008845773827 0.01793745482 0.01)
(0.01000000002 0.01732050806 0.01)
(0.01111140468 0.01662939223 0.01)
(0.0121752286 0.01586706679 0.01)
(0.01318691632 0.01503679614 0.01)
(0.01414213564 0.01414213561 0.01)
(4.038517658e-11 0.0225 0.01)
(0.001471570446 0.02245182577 0.01)
(0.002936839362 0.02230750938 0.01)
(0.00438953228 0.0220676688 0.01)
(0.005823428547 0.02173333108 0.01)
(0.007232388 0.0213059279 0.01)
(0.008610377256 0.02078728947 0.01)
(0.009951495556 0.02017963667 0.01)
(0.01125000002 0.01948557157 0.01)
(0.01250033026 0.01870806626 0.01)
(0.01369713217 0.01785045014 0.01)
(0.01483528086 0.01691639565 0.01)
(0.01590990259 0.01590990256 0.01)
(4.487241842e-11 0.025 0.01)
(0.001635078274 0.02494647308 0.01)
(0.003263154846 0.02478612153 0.01)
(0.004877258089 0.024519632 0.01)
(0.006470476164 0.02414814565 0.01)
(0.008035986666 0.02367325323 0.01)
(0.00956708584 0.0230969883 0.01)
(0.01105721728 0.02242181852 0.01)
(0.01250000003 0.02165063508 0.01)
(0.01388925585 0.02078674029 0.01)
(0.01521903575 0.01983383349 0.01)
(0.0164836454 0.01879599517 0.01)
(0.01767766955 0.01767766951 0.01)
(4.935966027e-11 0.0275 0.01)
(0.001798586101 0.02744112039 0.01)
(0.003589470331 0.02726473368 0.01)
(0.005364983898 0.0269715952 0.01)
(0.00711752378 0.02656296021 0.01)
(0.008839585333 0.02604057855 0.01)
(0.01052379442 0.02540668713 0.01)
(0.01216293901 0.02466400038 0.01)
(0.01375000003 0.02381569859 0.01)
(0.01527818143 0.02286541432 0.01)
(0.01674093932 0.02181721684 0.01)
(0.01813200994 0.02067559469 0.01)
(0.0194454365 0.01944543647 0.01)
(5.384690211e-11 0.03 0.01)
(0.001962093928 0.02993576769 0.01)
(0.003915785816 0.02974334583 0.01)
(0.005852709707 0.0294235584 0.01)
(0.007764571396 0.02897777478 0.01)
(0.009643183999 0.02840790387 0.01)
(0.01148050301 0.02771638596 0.01)
(0.01326866074 0.02690618223 0.01)
(0.01500000003 0.0259807621 0.01)
(0.01666710702 0.02494408835 0.01)
(0.0182628429 0.02380060019 0.01)
(0.01978037447 0.02255519421 0.01)
(0.02121320345 0.02121320342 0.01)
(5.833414395e-11 0.0325 0.01)
(0.002125601756 0.032430415 0.01)
(0.0042421013 0.03222195799 0.01)
(0.006340435516 0.0318755216 0.01)
(0.008411619013 0.03139258934 0.01)
(0.01044678267 0.03077522919 0.01)
(0.01243721159 0.03002608479 0.01)
(0.01437438247 0.02914836408 0.01)
(0.01625000003 0.0281458256 0.01)
(0.0180560326 0.02702276238 0.01)
(0.01978474647 0.02578398354 0.01)
(0.02142873901 0.02443479372 0.01)
(0.02298097041 0.02298097037 0.01)
(6.282138579e-11 0.035 0.01)
(0.002289109583 0.03492506231 0.01)
(0.004568416785 0.03470057014 0.01)
(0.006828161324 0.0343274848 0.01)
(0.009058666629 0.03380740391 0.01)
(0.01125038133 0.03314255452 0.01)
(0.01339392018 0.03233578362 0.01)
(0.0154801042 0.03139054593 0.01)
(0.01750000004 0.03031088911 0.01)
(0.01944495819 0.02910143641 0.01)
(0.02130665004 0.02776736689 0.01)
(0.02307710355 0.02631439324 0.01)
(0.02474873736 0.02474873732 0.01)
(6.730862764e-11 0.0375 0.01)
(0.00245261741 0.03741970962 0.01)
(0.004894732269 0.03717918229 0.01)
(0.007315887133 0.036779448 0.01)
(0.009705714246 0.03622221847 0.01)
(0.01205398 0.03550987984 0.01)
(0.01435062876 0.03464548245 0.01)
(0.01658582593 0.03363272779 0.01)
(0.01875000004 0.03247595262 0.01)
(0.02083388377 0.03118011044 0.01)
(0.02282855362 0.02975075024 0.01)
(0.02472546809 0.02819399276 0.01)
(0.02651650432 0.02651650427 0.01)
(7.179586948e-11 0.04 0.01)
(0.002616125238 0.03991435693 0.01)
(0.005221047754 0.03965779445 0.01)
(0.007803612942 0.0392314112 0.01)
(0.01035276186 0.03863703304 0.01)
(0.01285757867 0.03787720516 0.01)
(0.01530733734 0.03695518128 0.01)
(0.01769154765 0.03587490964 0.01)
(0.02000000004 0.03464101613 0.01)
(0.02222280936 0.03325878447 0.01)
(0.02435045719 0.03173413359 0.01)
(0.02637383263 0.03007359227 0.01)
(0.02828427127 0.02828427122 0.01)
(7.628311132e-11 0.0425 0.01)
(0.002779633065 0.04240900423 0.01)
(0.005547363239 0.0421364066 0.01)
(0.008291338751 0.0416833744 0.01)
(0.01099980948 0.0410518476 0.01)
(0.01366117733 0.04024453048 0.01)
(0.01626404593 0.03926488011 0.01)
(0.01879726938 0.03811709149 0.01)
(0.02125000004 0.03680607964 0.01)
(0.02361173494 0.0353374585 0.01)
(0.02587236077 0.03371751694 0.01)
(0.02802219717 0.03195319179 0.01)
(0.03005203823 0.03005203817 0.01)
(8.077035316e-11 0.045 0.01)
(0.002943140893 0.04490365154 0.01)
(0.005873678723 0.04461501875 0.01)
(0.00877906456 0.0441353376 0.01)
(0.01164685709 0.04346666217 0.01)
(0.014464776 0.04261185581 0.01)
(0.01722075451 0.04157457894 0.01)
(0.01990299111 0.04035927334 0.01)
(0.02250000005 0.03897114314 0.01)
(0.02500066053 0.03741613253 0.01)
(0.02739426434 0.03570090028 0.01)
(0.02967056171 0.03383279131 0.01)
(0.03181980518 0.03181980512 0.01)
(8.525759501e-11 0.0475 0.01)
(0.00310664872 0.04739829885 0.01)
(0.006199994208 0.04709363091 0.01)
(0.009266790369 0.0465873008 0.01)
(0.01229390471 0.04588147673 0.01)
(0.01526837467 0.04497918113 0.01)
(0.0181774631 0.04388427777 0.01)
(0.02100871284 0.0426014552 0.01)
(0.02375000005 0.04113620665 0.01)
(0.02638958611 0.03949480655 0.01)
(0.02891616792 0.03768428363 0.01)
(0.03131892625 0.03571239082 0.01)
(0.03358757214 0.03358757208 0.01)
(0.003270156547 0.04989294616 0.01)
(0.006526309693 0.04957224306 0.01)
(0.009754516178 0.049039264 0.01)
(0.01294095233 0.0482962913 0.01)
(0.01607197333 0.04734650645 0.01)
(0.01913417168 0.0461939766 0.01)
(0.02211443457 0.04484363705 0.01)
(0.02500000005 0.04330127016 0.01)
(0.0277785117 0.04157348058 0.01)
(0.03043807149 0.03966766698 0.01)
(0.03296729079 0.03759199034 0.01)
(0.03535533909 0.03535533903 0.01)
(0.01503679616 0.01318691629 0)
(0.01586706681 0.01217522857 0)
(0.01662939225 0.01111140465 0)
(0.01732050808 0.00999999999 0)
(0.01793745484 0.008845773795 0)
(0.01847759065 0.007653668639 0)
(0.01893860259 0.006428789299 0)
(0.01931851653 0.005176380896 0)
(0.01961570561 0.003901806436 0)
(0.01982889723 0.002610523841 0)
(0.01995717846 0.001308062583 0)
(0.02 0 0)
(0.01691639568 0.01483528083 0)
(0.01785045017 0.01369713214 0)
(0.01870806629 0.01250033023 0)
(0.01948557159 0.01124999999 0)
(0.02017963669 0.009951495519 0)
(0.02078728949 0.008610377219 0)
(0.02130592792 0.007232387961 0)
(0.02173333109 0.005823428508 0)
(0.02206766881 0.00438953224 0)
(0.02230750938 0.002936839322 0)
(0.02245182577 0.001471570406 0)
(0.0225 0 0)
(0.0187959952 0.01648364536 0)
(0.01983383352 0.01521903571 0)
(0.02078674032 0.01388925581 0)
(0.0216506351 0.01249999999 0)
(0.02242181854 0.01105721724 0)
(0.02309698832 0.009567085799 0)
(0.02367325324 0.008035986624 0)
(0.02414814566 0.00647047612 0)
(0.02451963201 0.004877258045 0)
(0.02478612153 0.003263154802 0)
(0.02494647308 0.001635078229 0)
(0.025 0 0)
(0.02067559472 0.0181320099 0)
(0.02181721687 0.01674093928 0)
(0.02286541435 0.01527818139 0)
(0.02381569861 0.01374999999 0)
(0.0246640004 0.01216293897 0)
(0.02540668715 0.01052379438 0)
(0.02604057856 0.008839585286 0)
(0.02656296023 0.007117523732 0)
(0.02697159521 0.005364983849 0)
(0.02726473369 0.003589470282 0)
(0.02744112039 0.001798586052 0)
(0.0275 0 0)
(0.02255519424 0.01978037443 0)
(0.02380060022 0.01826284285 0)
(0.02494408838 0.01666710697 0)
(0.02598076212 0.01499999998 0)
(0.02690618225 0.01326866069 0)
(0.02771638598 0.01148050296 0)
(0.02840790389 0.009643183948 0)
(0.02897777479 0.007764571344 0)
(0.02942355841 0.005852709654 0)
(0.02974334584 0.003915785762 0)
(0.0299357677 0.001962093875 0)
(0.03 0 0)
(0.02443479376 0.02142873897 0)
(0.02578398357 0.01978474642 0)
(0.02702276241 0.01805603255 0)
(0.02814582563 0.01624999998 0)
(0.02914836411 0.01437438242 0)
(0.03002608481 0.01243721154 0)
(0.03077522921 0.01044678261 0)
(0.03139258936 0.008411618956 0)
(0.03187552161 0.006340435458 0)
(0.032221958 0.004242101242 0)
(0.03243041501 0.002125601698 0)
(0.0325 0 0)
(0.02631439328 0.02307710351 0)
(0.02776736693 0.02130664999 0)
(0.02910143644 0.01944495814 0)
(0.03031088914 0.01749999998 0)
(0.03139054596 0.01548010414 0)
(0.03233578364 0.01339392012 0)
(0.03314255454 0.01125038127 0)
(0.03380740392 0.009058666568 0)
(0.03432748482 0.006828161263 0)
(0.03470057015 0.004568416723 0)
(0.03492506231 0.00228910952 0)
(0.035 0 0)
(0.0281939928 0.02472546804 0)
(0.02975075028 0.02282855357 0)
(0.03118011048 0.02083388372 0)
(0.03247595265 0.01874999998 0)
(0.03363272782 0.01658582587 0)
(0.03464548248 0.0143506287 0)
(0.03550987986 0.01205397994 0)
(0.03622221849 0.009705714181 0)
(0.03677944802 0.007315887067 0)
(0.0371791823 0.004894732203 0)
(0.03741970962 0.002452617343 0)
(0.0375 0 0)
(0.03007359232 0.02637383258 0)
(0.03173413363 0.02435045714 0)
(0.03325878451 0.0222228093 0)
(0.03464101616 0.01999999998 0)
(0.03587490967 0.01769154759 0)
(0.03695518131 0.01530733728 0)
(0.03787720518 0.0128575786 0)
(0.03863703305 0.01035276179 0)
(0.03923141122 0.007803612872 0)
(0.03965779446 0.005221047683 0)
(0.03991435693 0.002616125166 0)
(0.04 0 0)
(0.03195319184 0.02802219712 0)
(0.03371751698 0.02587236071 0)
(0.03533745854 0.02361173488 0)
(0.03680607967 0.02124999998 0)
(0.03811709152 0.01879726931 0)
(0.03926488014 0.01626404586 0)
(0.04024453051 0.01366117726 0)
(0.04105184762 0.0109998094 0)
(0.04168337442 0.008291338676 0)
(0.04213640661 0.005547363163 0)
(0.04240900424 0.002779632989 0)
(0.0425 0 0)
(0.03383279136 0.02967056165 0)
(0.03570090033 0.02739426428 0)
(0.03741613257 0.02500066046 0)
(0.03897114318 0.02249999998 0)
(0.04035927338 0.01990299104 0)
(0.04157457897 0.01722075444 0)
(0.04261185583 0.01446477592 0)
(0.04346666219 0.01164685702 0)
(0.04413533762 0.008779064481 0)
(0.04461501876 0.005873678643 0)
(0.04490365155 0.002943140812 0)
(0.045 0 0)
(0.03571239088 0.03131892619 0)
(0.03768428369 0.02891616785 0)
(0.0394948066 0.02638958604 0)
(0.04113620669 0.02374999998 0)
(0.04260145523 0.02100871276 0)
(0.0438842778 0.01817746302 0)
(0.04497918116 0.01526837459 0)
(0.04588147675 0.01229390463 0)
(0.04658730082 0.009266790285 0)
(0.04709363092 0.006199994123 0)
(0.04739829885 0.003106648635 0)
(0.0475 0 0)
(0.0375919904 0.03296729072 0)
(0.03966766704 0.03043807142 0)
(0.04157348063 0.02777851162 0)
(0.0433012702 0.02499999997 0)
(0.04484363709 0.02211443449 0)
(0.04619397663 0.0191341716 0)
(0.04734650648 0.01607197325 0)
(0.04829629132 0.01294095224 0)
(0.04903926402 0.00975451609 0)
(0.04957224307 0.006526309604 0)
(0.04989294616 0.003270156458 0)
(0.01503679616 0.01318691629 0.01)
(0.01586706681 0.01217522857 0.01)
(0.01662939225 0.01111140465 0.01)
(0.01732050808 0.00999999999 0.01)
(0.01793745484 0.008845773795 0.01)
(0.01847759065 0.007653668639 0.01)
(0.01893860259 0.006428789299 0.01)
(0.01931851653 0.005176380896 0.01)
(0.01961570561 0.003901806436 0.01)
(0.01982889723 0.002610523841 0.01)
(0.01995717846 0.001308062583 0.01)
(0.02 0 0.01)
(0.01691639568 0.01483528083 0.01)
(0.01785045017 0.01369713214 0.01)
(0.01870806629 0.01250033023 0.01)
(0.01948557159 0.01124999999 0.01)
(0.02017963669 0.009951495519 0.01)
(0.02078728949 0.008610377219 0.01)
(0.02130592792 0.007232387961 0.01)
(0.02173333109 0.005823428508 0.01)
(0.02206766881 0.00438953224 0.01)
(0.02230750938 0.002936839322 0.01)
(0.02245182577 0.001471570406 0.01)
(0.0225 0 0.01)
(0.0187959952 0.01648364536 0.01)
(0.01983383352 0.01521903571 0.01)
(0.02078674032 0.01388925581 0.01)
(0.0216506351 0.01249999999 0.01)
(0.02242181854 0.01105721724 0.01)
(0.02309698832 0.009567085799 0.01)
(0.02367325324 0.008035986624 0.01)
(0.02414814566 0.00647047612 0.01)
(0.02451963201 0.004877258045 0.01)
(0.02478612153 0.003263154802 0.01)
(0.02494647308 0.001635078229 0.01)
(0.025 0 0.01)
(0.02067559472 0.0181320099 0.01)
(0.02181721687 0.01674093928 0.01)
(0.02286541435 0.01527818139 0.01)
(0.02381569861 0.01374999999 0.01)
(0.0246640004 0.01216293897 0.01)
(0.02540668715 0.01052379438 0.01)
(0.02604057856 0.008839585286 0.01)
(0.02656296023 0.007117523732 0.01)
(0.02697159521 0.005364983849 0.01)
(0.02726473369 0.003589470282 0.01)
(0.02744112039 0.001798586052 0.01)
(0.0275 0 0.01)
(0.02255519424 0.01978037443 0.01)
(0.02380060022 0.01826284285 0.01)
(0.02494408838 0.01666710697 0.01)
(0.02598076212 0.01499999998 0.01)
(0.02690618225 0.01326866069 0.01)
(0.02771638598 0.01148050296 0.01)
(0.02840790389 0.009643183948 0.01)
(0.02897777479 0.007764571344 0.01)
(0.02942355841 0.005852709654 0.01)
(0.02974334584 0.003915785762 0.01)
(0.0299357677 0.001962093875 0.01)
(0.03 0 0.01)
(0.02443479376 0.02142873897 0.01)
(0.02578398357 0.01978474642 0.01)
(0.02702276241 0.01805603255 0.01)
(0.02814582563 0.01624999998 0.01)
(0.02914836411 0.01437438242 0.01)
(0.03002608481 0.01243721154 0.01)
(0.03077522921 0.01044678261 0.01)
(0.03139258936 0.008411618956 0.01)
(0.03187552161 0.006340435458 0.01)
(0.032221958 0.004242101242 0.01)
(0.03243041501 0.002125601698 0.01)
(0.0325 0 0.01)
(0.02631439328 0.02307710351 0.01)
(0.02776736693 0.02130664999 0.01)
(0.02910143644 0.01944495814 0.01)
(0.03031088914 0.01749999998 0.01)
(0.03139054596 0.01548010414 0.01)
(0.03233578364 0.01339392012 0.01)
(0.03314255454 0.01125038127 0.01)
(0.03380740392 0.009058666568 0.01)
(0.03432748482 0.006828161263 0.01)
(0.03470057015 0.004568416723 0.01)
(0.03492506231 0.00228910952 0.01)
(0.035 0 0.01)
(0.0281939928 0.02472546804 0.01)
(0.02975075028 0.02282855357 0.01)
(0.03118011048 0.02083388372 0.01)
(0.03247595265 0.01874999998 0.01)
(0.03363272782 0.01658582587 0.01)
(0.03464548248 0.0143506287 0.01)
(0.03550987986 0.01205397994 0.01)
(0.03622221849 0.009705714181 0.01)
(0.03677944802 0.007315887067 0.01)
(0.0371791823 0.004894732203 0.01)
(0.03741970962 0.002452617343 0.01)
(0.0375 0 0.01)
(0.03007359232 0.02637383258 0.01)
(0.03173413363 0.02435045714 0.01)
(0.03325878451 0.0222228093 0.01)
(0.03464101616 0.01999999998 0.01)
(0.03587490967 0.01769154759 0.01)
(0.03695518131 0.01530733728 0.01)
(0.03787720518 0.0128575786 0.01)
(0.03863703305 0.01035276179 0.01)
(0.03923141122 0.007803612872 0.01)
(0.03965779446 0.005221047683 0.01)
(0.03991435693 0.002616125166 0.01)
(0.04 0 0.01)
(0.03195319184 0.02802219712 0.01)
(0.03371751698 0.02587236071 0.01)
(0.03533745854 0.02361173488 0.01)
(0.03680607967 0.02124999998 0.01)
(0.03811709152 0.01879726931 0.01)
(0.03926488014 0.01626404586 0.01)
(0.04024453051 0.01366117726 0.01)
(0.04105184762 0.0109998094 0.01)
(0.04168337442 0.008291338676 0.01)
(0.04213640661 0.005547363163 0.01)
(0.04240900424 0.002779632989 0.01)
(0.0425 0 0.01)
(0.03383279136 0.02967056165 0.01)
(0.03570090033 0.02739426428 0.01)
(0.03741613257 0.02500066046 0.01)
(0.03897114318 0.02249999998 0.01)
(0.04035927338 0.01990299104 0.01)
(0.04157457897 0.01722075444 0.01)
(0.04261185583 0.01446477592 0.01)
(0.04346666219 0.01164685702 0.01)
(0.04413533762 0.008779064481 0.01)
(0.04461501876 0.005873678643 0.01)
(0.04490365155 0.002943140812 0.01)
(0.045 0 0.01)
(0.03571239088 0.03131892619 0.01)
(0.03768428369 0.02891616785 0.01)
(0.0394948066 0.02638958604 0.01)
(0.04113620669 0.02374999998 0.01)
(0.04260145523 0.02100871276 0.01)
(0.0438842778 0.01817746302 0.01)
(0.04497918116 0.01526837459 0.01)
(0.04588147675 0.01229390463 0.01)
(0.04658730082 0.009266790285 0.01)
(0.04709363092 0.006199994123 0.01)
(0.04739829885 0.003106648635 0.01)
(0.0475 0 0.01)
(0.0375919904 0.03296729072 0.01)
(0.03966766704 0.03043807142 0.01)
(0.04157348063 0.02777851162 0.01)
(0.0433012702 0.02499999997 0.01)
(0.04484363709 0.02211443449 0.01)
(0.04619397663 0.0191341716 0.01)
(0.04734650648 0.01607197325 0.01)
(0.04829629132 0.01294095224 0.01)
(0.04903926402 0.00975451609 0.01)
(0.04957224307 0.006526309604 0.01)
(0.04989294616 0.003270156458 0.01)
(0.0525 0 0)
(0.055 0 0)
(0.0575 0 0)
(0.06 0 0)
(0.0525 0 0.01)
(0.055 0 0.01)
(0.0575 0 0.01)
(0.06 0 0.01)
(9.423207869e-11 0.0525 0)
(9.871932053e-11 0.055 0)
(1.032065624e-10 0.0575 0)
(1.076938042e-10 0.06 0)
(9.423207869e-11 0.0525 0.01)
(9.871932053e-11 0.055 0.01)
(1.032065624e-10 0.0575 0.01)
(1.076938042e-10 0.06 0.01)
(0.003433664375 0.05238759346 0)
(0.006852625177 0.05205085521 0)
(0.01024224199 0.05149122721 0)
(0.01358799994 0.05071110586 0)
(0.016875572 0.04971383177 0)
(0.02009088026 0.04850367543 0)
(0.0232201563 0.0470858189 0)
(0.02625000005 0.04546633367 0)
(0.02916743728 0.04365215461 0)
(0.03195997507 0.04165105033 0)
(0.03461565533 0.03947158986 0)
(0.03712310605 0.03712310598 0)
(0.003597172202 0.05488224077 0)
(0.007178940662 0.05452946736 0)
(0.0107299678 0.05394319041 0)
(0.01423504756 0.05312592042 0)
(0.01767917067 0.0520811571 0)
(0.02104758885 0.05081337426 0)
(0.02432587802 0.04932800075 0)
(0.02750000006 0.04763139718 0)
(0.03055636287 0.04573082864 0)
(0.03348187864 0.04363443368 0)
(0.03626401987 0.04135118938 0)
(0.038890873 0.03889087293 0)
(0.003760680029 0.05737688808 0)
(0.007505256146 0.05700807952 0)
(0.0112176936 0.05639515361 0)
(0.01488209518 0.05554073499 0)
(0.01848276933 0.05444848242 0)
(0.02200429743 0.05312307309 0)
(0.02543159975 0.05157018261 0)
(0.02875000006 0.04979646068 0)
(0.03194528845 0.04780950267 0)
(0.03500378222 0.04561781703 0)
(0.03791238441 0.04323078889 0)
(0.04065863995 0.04065863988 0)
(0.003924187857 0.05987153539 0)
(0.007831571631 0.05948669167 0)
(0.01170541941 0.05884711681 0)
(0.01552914279 0.05795554955 0)
(0.019286368 0.05681580774 0)
(0.02296100602 0.05543277192 0)
(0.02653732148 0.05381236446 0)
(0.03000000006 0.05196152419 0)
(0.03333421404 0.0498881767 0)
(0.03652568579 0.04760120038 0)
(0.03956074895 0.04511038841 0)
(0.04242640691 0.04242640683 0)
(0.003433664375 0.05238759346 0.01)
(0.006852625177 0.05205085521 0.01)
(0.01024224199 0.05149122721 0.01)
(0.01358799994 0.05071110586 0.01)
(0.016875572 0.04971383177 0.01)
(0.02009088026 0.04850367543 0.01)
(0.0232201563 0.0470858189 0.01)
(0.02625000005 0.04546633367 0.01)
(0.02916743728 0.04365215461 0.01)
(0.03195997507 0.04165105033 0.01)
(0.03461565533 0.03947158986 0.01)
(0.03712310605 0.03712310598 0.01)
(0.003597172202 0.05488224077 0.01)
(0.007178940662 0.05452946736 0.01)
(0.0107299678 0.05394319041 0.01)
(0.01423504756 0.05312592042 0.01)
(0.01767917067 0.0520811571 0.01)
(0.02104758885 0.05081337426 0.01)
(0.02432587802 0.04932800075 0.01)
(0.02750000006 0.04763139718 0.01)
(0.03055636287 0.04573082864 0.01)
(0.03348187864 0.04363443368 0.01)
(0.03626401987 0.04135118938 0.01)
(0.038890873 0.03889087293 0.01)
(0.003760680029 0.05737688808 0.01)
(0.007505256146 0.05700807952 0.01)
(0.0112176936 0.05639515361 0.01)
(0.01488209518 0.05554073499 0.01)
(0.01848276933 0.05444848242 0.01)
(0.02200429743 0.05312307309 0.01)
(0.02543159975 0.05157018261 0.01)
(0.02875000006 0.04979646068 0.01)
(0.03194528845 0.04780950267 0.01)
(0.03500378222 0.04561781703 0.01)
(0.03791238441 0.04323078889 0.01)
(0.04065863995 0.04065863988 0.01)
(0.003924187857 0.05987153539 0.01)
(0.007831571631 0.05948669167 0.01)
(0.01170541941 0.05884711681 0.01)
(0.01552914279 0.05795554955 0.01)
(0.019286368 0.05681580774 0.01)
(0.02296100602 0.05543277192 0.01)
(0.02653732148 0.05381236446 0.01)
(0.03000000006 0.05196152419 0.01)
(0.03333421404 0.0498881767 0.01)
(0.03652568579 0.04760120038 0.01)
(0.03956074895 0.04511038841 0.01)
(0.04242640691 0.04242640683 0.01)
(0.03947158992 0.03461565526 0)
(0.04165105039 0.03195997499 0)
(0.04365215467 0.0291674372 0)
(0.04546633371 0.02624999997 0)
(0.04708581894 0.02322015621 0)
(0.04850367547 0.02009088018 0)
(0.0497138318 0.01687557191 0)
(0.05071110588 0.01358799985 0)
(0.05149122722 0.01024224189 0)
(0.05205085522 0.006852625084 0)
(0.05238759347 0.003433664281 0)
(0.04135118944 0.0362640198 0)
(0.04363443374 0.03348187856 0)
(0.0457308287 0.03055636279 0)
(0.04763139722 0.02749999997 0)
(0.0493280008 0.02432587794 0)
(0.0508133743 0.02104758876 0)
(0.05208115713 0.01767917057 0)
(0.05312592045 0.01423504746 0)
(0.05394319042 0.0107299677 0)
(0.05452946738 0.007178940564 0)
(0.05488224078 0.003597172104 0)
(0.04323078896 0.03791238433 0)
(0.04561781709 0.03500378213 0)
(0.04780950273 0.03194528837 0)
(0.04979646073 0.02874999997 0)
(0.05157018265 0.02543159966 0)
(0.05312307313 0.02200429734 0)
(0.05444848245 0.01848276923 0)
(0.05554073502 0.01488209508 0)
(0.05639515363 0.0112176935 0)
(0.05700807953 0.007505256044 0)
(0.05737688809 0.003760679926 0)
(0.04511038848 0.03956074887 0)
(0.04760120044 0.0365256857 0)
(0.04988817676 0.03333421395 0)
(0.05196152425 0.02999999997 0)
(0.05381236451 0.02653732138 0)
(0.05543277196 0.02296100592 0)
(0.05681580778 0.0192863679 0)
(0.05795554958 0.01552914269 0)
(0.05884711683 0.01170541931 0)
(0.05948669168 0.007831571524 0)
(0.05987153539 0.003924187749 0)
(0.03947158992 0.03461565526 0.01)
(0.04165105039 0.03195997499 0.01)
(0.04365215467 0.0291674372 0.01)
(0.04546633371 0.02624999997 0.01)
(0.04708581894 0.02322015621 0.01)
(0.04850367547 0.02009088018 0.01)
(0.0497138318 0.01687557191 0.01)
(0.05071110588 0.01358799985 0.01)
(0.05149122722 0.01024224189 0.01)
(0.05205085522 0.006852625084 0.01)
(0.05238759347 0.003433664281 0.01)
(0.04135118944 0.0362640198 0.01)
(0.04363443374 0.03348187856 0.01)
(0.0457308287 0.03055636279 0.01)
(0.04763139722 0.02749999997 0.01)
(0.0493280008 0.02432587794 0.01)
(0.0508133743 0.02104758876 0.01)
(0.05208115713 0.01767917057 0.01)
(0.05312592045 0.01423504746 0.01)
(0.05394319042 0.0107299677 0.01)
(0.05452946738 0.007178940564 0.01)
(0.05488224078 0.003597172104 0.01)
(0.04323078896 0.03791238433 0.01)
(0.04561781709 0.03500378213 0.01)
(0.04780950273 0.03194528837 0.01)
(0.04979646073 0.02874999997 0.01)
(0.05157018265 0.02543159966 0.01)
(0.05312307313 0.02200429734 0.01)
(0.05444848245 0.01848276923 0.01)
(0.05554073502 0.01488209508 0.01)
(0.05639515363 0.0112176935 0.01)
(0.05700807953 0.007505256044 0.01)
(0.05737688809 0.003760679926 0.01)
(0.04511038848 0.03956074887 0.01)
(0.04760120044 0.0365256857 0.01)
(0.04988817676 0.03333421395 0.01)
(0.05196152425 0.02999999997 0.01)
(0.05381236451 0.02653732138 0.01)
(0.05543277196 0.02296100592 0.01)
(0.05681580778 0.0192863679 0.01)
(0.05795554958 0.01552914269 0.01)
(0.05884711683 0.01170541931 0.01)
(0.05948669168 0.007831571524 0.01)
(0.05987153539 0.003924187749 0.01)
(0.0625 0 0)
(0.065 0 0)
(0.0675 0 0)
(0.07 0 0)
(0.0625 0 0.01)
(0.065 0 0.01)
(0.0675 0 0.01)
(0.07 0 0.01)
(1.121810461e-10 0.0625 0)
(1.166682879e-10 0.065 0)
(1.211555297e-10 0.0675 0)
(1.256427716e-10 0.07 0)
(1.121810461e-10 0.0625 0.01)
(1.166682879e-10 0.065 0.01)
(1.211555297e-10 0.0675 0.01)
(1.256427716e-10 0.07 0.01)
(0.004087695684 0.0623661827 0)
(0.008157887116 0.06196530382 0)
(0.01219314522 0.06129908001 0)
(0.01617619041 0.06037036412 0)
(0.02008996667 0.05918313306 0)
(0.0239177146 0.05774247075 0)
(0.02764304321 0.05605454631 0)
(0.03125000006 0.0541265877 0)
(0.03472313962 0.05196685073 0)
(0.03804758936 0.04958458373 0)
(0.04120911349 0.04698998793 0)
(0.04419417386 0.04419417378 0)
(0.004251203512 0.06486083 0)
(0.0084842026 0.06444391598 0)
(0.01268087103 0.06375104321 0)
(0.01682323803 0.06278517868 0)
(0.02089356533 0.06155045839 0)
(0.02487442318 0.06005216958 0)
(0.02874876494 0.05829672816 0)
(0.03250000007 0.05629165121 0)
(0.03611206521 0.05404552476 0)
(0.03956949294 0.05156796708 0)
(0.04285747803 0.04886958744 0)
(0.04596194082 0.04596194074 0)
(0.004414711339 0.06735547731 0)
(0.008810518085 0.06692252813 0)
(0.01316859684 0.06620300641 0)
(0.01747028564 0.06519999325 0)
(0.021697164 0.06391778371 0)
(0.02583113177 0.06236186841 0)
(0.02985448667 0.06053891002 0)
(0.03375000007 0.05845671472 0)
(0.03750099079 0.05612419879 0)
(0.04109139651 0.05355135043 0)
(0.04450584257 0.05074918696 0)
(0.04772970777 0.04772970769 0)
(0.004578219166 0.06985012462 0)
(0.00913683357 0.06940114028 0)
(0.01365632265 0.06865496961 0)
(0.01811733326 0.06761480781 0)
(0.02250076267 0.06628510903 0)
(0.02678784035 0.06467156724 0)
(0.0309602084 0.06278109187 0)
(0.03500000007 0.06062177822 0)
(0.03888991638 0.05820287282 0)
(0.04261330009 0.05553473378 0)
(0.04615420711 0.05262878648 0)
(0.04949747473 0.04949747464 0)
(0.004087695684 0.0623661827 0.01)
(0.008157887116 0.06196530382 0.01)
(0.01219314522 0.06129908001 0.01)
(0.01617619041 0.06037036412 0.01)
(0.02008996667 0.05918313306 0.01)
(0.0239177146 0.05774247075 0.01)
(0.02764304321 0.05605454631 0.01)
(0.03125000006 0.0541265877 0.01)
(0.03472313962 0.05196685073 0.01)
(0.03804758936 0.04958458373 0.01)
(0.04120911349 0.04698998793 0.01)
(0.04419417386 0.04419417378 0.01)
(0.004251203512 0.06486083 0.01)
(0.0084842026 0.06444391598 0.01)
(0.01268087103 0.06375104321 0.01)
(0.01682323803 0.06278517868 0.01)
(0.02089356533 0.06155045839 0.01)
(0.02487442318 0.06005216958 0.01)
(0.02874876494 0.05829672816 0.01)
(0.03250000007 0.05629165121 0.01)
(0.03611206521 0.05404552476 0.01)
(0.03956949294 0.05156796708 0.01)
(0.04285747803 0.04886958744 0.01)
(0.04596194082 0.04596194074 0.01)
(0.004414711339 0.06735547731 0.01)
(0.008810518085 0.06692252813 0.01)
(0.01316859684 0.06620300641 0.01)
(0.01747028564 0.06519999325 0.01)
(0.021697164 0.06391778371 0.01)
(0.02583113177 0.06236186841 0.01)
(0.02985448667 0.06053891002 0.01)
(0.03375000007 0.05845671472 0.01)
(0.03750099079 0.05612419879 0.01)
(0.04109139651 0.05355135043 0.01)
(0.04450584257 0.05074918696 0.01)
(0.04772970777 0.04772970769 0.01)
(0.004578219166 0.06985012462 0.01)
(0.00913683357 0.06940114028 0.01)
(0.01365632265 0.06865496961 0.01)
(0.01811733326 0.06761480781 0.01)
(0.02250076267 0.06628510903 0.01)
(0.02678784035 0.06467156724 0.01)
(0.0309602084 0.06278109187 0.01)
(0.03500000007 0.06062177822 0.01)
(0.03888991638 0.05820287282 0.01)
(0.04261330009 0.05553473378 0.01)
(0.04615420711 0.05262878648 0.01)
(0.04949747473 0.04949747464 0.01)
(0.046989988 0.04120911341 0)
(0.0495845838 0.03804758928 0)
(0.05196685079 0.03472313953 0)
(0.05412658776 0.03124999997 0)
(0.05605454636 0.02764304311 0)
(0.05774247079 0.0239177145 0)
(0.0591831331 0.02008996656 0)
(0.06037036415 0.0161761903 0)
(0.06129908003 0.01219314511 0)
(0.06196530384 0.008157887004 0)
(0.0623661827 0.004087695572 0)
(0.04886958752 0.04285747794 0)
(0.05156796715 0.03956949285 0)
(0.05404552482 0.03611206511 0)
(0.05629165127 0.03249999997 0)
(0.05829672821 0.02874876483 0)
(0.06005216962 0.02487442308 0)
(0.06155045842 0.02089356522 0)
(0.06278517871 0.01682323791 0)
(0.06375104323 0.01268087092 0)
(0.06444391599 0.008484202485 0)
(0.06486083001 0.004251203395 0)
(0.05074918704 0.04450584248 0)
(0.0535513505 0.04109139642 0)
(0.05612419886 0.03750099069 0)
(0.05845671478 0.03374999997 0)
(0.06053891007 0.02985448656 0)
(0.06236186846 0.02583113166 0)
(0.06391778375 0.02169716388 0)
(0.06519999328 0.01747028552 0)
(0.06620300643 0.01316859672 0)
(0.06692252814 0.008810517965 0)
(0.06735547732 0.004414711218 0)
(0.05262878656 0.04615420701 0)
(0.05553473385 0.04261329999 0)
(0.05820287289 0.03888991627 0)
(0.06062177829 0.03499999996 0)
(0.06278109192 0.03096020828 0)
(0.06467156729 0.02678784024 0)
(0.06628510907 0.02250076255 0)
(0.06761480785 0.01811733314 0)
(0.06865496963 0.01365632253 0)
(0.0694011403 0.009136833445 0)
(0.06985012463 0.004578219041 0)
(0.046989988 0.04120911341 0.01)
(0.0495845838 0.03804758928 0.01)
(0.05196685079 0.03472313953 0.01)
(0.05412658776 0.03124999997 0.01)
(0.05605454636 0.02764304311 0.01)
(0.05774247079 0.0239177145 0.01)
(0.0591831331 0.02008996656 0.01)
(0.06037036415 0.0161761903 0.01)
(0.06129908003 0.01219314511 0.01)
(0.06196530384 0.008157887004 0.01)
(0.0623661827 0.004087695572 0.01)
(0.04886958752 0.04285747794 0.01)
(0.05156796715 0.03956949285 0.01)
(0.05404552482 0.03611206511 0.01)
(0.05629165127 0.03249999997 0.01)
(0.05829672821 0.02874876483 0.01)
(0.06005216962 0.02487442308 0.01)
(0.06155045842 0.02089356522 0.01)
(0.06278517871 0.01682323791 0.01)
(0.06375104323 0.01268087092 0.01)
(0.06444391599 0.008484202485 0.01)
(0.06486083001 0.004251203395 0.01)
(0.05074918704 0.04450584248 0.01)
(0.0535513505 0.04109139642 0.01)
(0.05612419886 0.03750099069 0.01)
(0.05845671478 0.03374999997 0.01)
(0.06053891007 0.02985448656 0.01)
(0.06236186846 0.02583113166 0.01)
(0.06391778375 0.02169716388 0.01)
(0.06519999328 0.01747028552 0.01)
(0.06620300643 0.01316859672 0.01)
(0.06692252814 0.008810517965 0.01)
(0.06735547732 0.004414711218 0.01)
(0.05262878656 0.04615420701 0.01)
(0.05553473385 0.04261329999 0.01)
(0.05820287289 0.03888991627 0.01)
(0.06062177829 0.03499999996 0.01)
(0.06278109192 0.03096020828 0.01)
(0.06467156729 0.02678784024 0.01)
(0.06628510907 0.02250076255 0.01)
(0.06761480785 0.01811733314 0.01)
(0.06865496963 0.01365632253 0.01)
(0.0694011403 0.009136833445 0.01)
(0.06985012463 0.004578219041 0.01)
(0.0725 0 0)
(0.075 0 0)
(0.0775 0 0)
(0.08 0 0)
(0.0825 0 0)
(0.085 0 0)
(0.0875 0 0)
(0.09 0 0)
(0.0925 0 0)
(0.095 0 0)
(0.0975 0 0)
(0.1 0 0)
(0.0725 0 0.01)
(0.075 0 0.01)
(0.0775 0 0.01)
(0.08 0 0.01)
(0.0825 0 0.01)
(0.085 0 0.01)
(0.0875 0 0.01)
(0.09 0 0.01)
(0.0925 0 0.01)
(0.095 0 0.01)
(0.0975 0 0.01)
(0.1 0 0.01)
(1.301300134e-10 0.0725 0)
(1.346172553e-10 0.075 0)
(1.391044971e-10 0.0775 0)
(1.43591739e-10 0.08 0)
(1.480789808e-10 0.0825 0)
(1.525662226e-10 0.085 0)
(1.570534645e-10 0.0875 0)
(1.615407063e-10 0.09 0)
(1.660279482e-10 0.0925 0)
(1.7051519e-10 0.095 0)
(1.750024319e-10 0.0975 0)
(1.794896737e-10 0.1 0)
(1.301300134e-10 0.0725 0.01)
(1.346172553e-10 0.075 0.01)
(1.391044971e-10 0.0775 0.01)
(1.43591739e-10 0.08 0.01)
(1.480789808e-10 0.0825 0.01)
(1.525662226e-10 0.085 0.01)
(1.570534645e-10 0.0875 0.01)
(1.615407063e-10 0.09 0.01)
(1.660279482e-10 0.0925 0.01)
(1.7051519e-10 0.095 0.01)
(1.750024319e-10 0.0975 0.01)
(1.794896737e-10 0.1 0.01)
(0.004741726994 0.07234477193 0)
(0.009463149054 0.07187975243 0)
(0.01414404846 0.07110693281 0)
(0.01876438087 0.07002962238 0)
(0.02330436133 0.06865243436 0)
(0.02774454894 0.06698126607 0)
(0.03206593012 0.06502327372 0)
(0.03625000008 0.06278684173 0)
(0.04027884196 0.06028154685 0)
(0.04413520366 0.05751811712 0)
(0.04780257165 0.054508386 0)
(0.05126524168 0.05126524159 0)
(0.004905234821 0.07483941923 0)
(0.009789464539 0.07435836459 0)
(0.01463177427 0.07355889601 0)
(0.01941142849 0.07244443694 0)
(0.02410796 0.07101975968 0)
(0.02870125752 0.0692909649 0)
(0.03317165185 0.06726545557 0)
(0.03750000008 0.06495190524 0)
(0.04166776755 0.06236022088 0)
(0.04565710724 0.05950150047 0)
(0.04945093619 0.05638798551 0)
(0.05303300864 0.05303300854 0)
(0.005068742648 0.07733406654 0)
(0.01011578002 0.07683697674 0)
(0.01511950008 0.07601085921 0)
(0.02005847611 0.07485925151 0)
(0.02491155867 0.073387085 0)
(0.0296579661 0.07160066373 0)
(0.03427737358 0.06950763743 0)
(0.03875000008 0.06711696875 0)
(0.04305669313 0.06443889491 0)
(0.04717901081 0.06148488382 0)
(0.05109930073 0.05826758503 0)
(0.05480077559 0.05480077549 0)
(0.005232250476 0.07982871385 0)
(0.01044209551 0.07931558889 0)
(0.01560722588 0.07846282241 0)
(0.02070552372 0.07727406607 0)
(0.02571515733 0.07575441032 0)
(0.03061467469 0.07391036256 0)
(0.03538309531 0.07174981928 0)
(0.04000000008 0.06928203225 0)
(0.04444561872 0.06651756893 0)
(0.04870091439 0.06346826717 0)
(0.05274766527 0.06014718455 0)
(0.05656854255 0.05656854244 0)
(0.005395758303 0.08232336116 0)
(0.01076841099 0.08179420105 0)
(0.01609495169 0.08091478561 0)
(0.02135257134 0.07968888064 0)
(0.026518756 0.07812173565 0)
(0.03157138327 0.07622006139 0)
(0.03648881704 0.07399200113 0)
(0.04125000009 0.07144709576 0)
(0.0458345443 0.06859624296 0)
(0.05022281796 0.06545165052 0)
(0.05439602981 0.06202678406 0)
(0.0583363095 0.0583363094 0)
(0.00555926613 0.08481800847 0)
(0.01109472648 0.0842728132 0)
(0.0165826775 0.08336674881 0)
(0.02199961896 0.0821036952 0)
(0.02732235467 0.08048906097 0)
(0.03252809186 0.07852976022 0)
(0.03759453877 0.07623418298 0)
(0.04250000009 0.07361215927 0)
(0.04722346989 0.07067491699 0)
(0.05174472154 0.06743503387 0)
(0.05604439435 0.06390638358 0)
(0.06010407645 0.06010407635 0)
(0.005722773958 0.08731265577 0)
(0.01142104196 0.08675142535 0)
(0.01707040331 0.08581871201 0)
(0.02264666657 0.08451850977 0)
(0.02812595333 0.08285638629 0)
(0.03348480044 0.08083945905 0)
(0.03870026049 0.07847636483 0)
(0.04375000009 0.07577722278 0)
(0.04861239547 0.07275359102 0)
(0.05326662511 0.06941841722 0)
(0.05769275889 0.0657859831 0)
(0.06187184341 0.0618718433 0)
(0.005886281785 0.08980730308 0)
(0.01174735745 0.0892300375 0)
(0.01755812912 0.08827067521 0)
(0.02329371419 0.08693332433 0)
(0.028929552 0.08522371161 0)
(0.03444150902 0.08314915788 0)
(0.03980598222 0.08071854669 0)
(0.04500000009 0.07794228629 0)
(0.05000132106 0.07483226505 0)
(0.05478852869 0.07140180057 0)
(0.05934112342 0.06766558262 0)
(0.06363961036 0.06363961025 0)
(0.006049789613 0.09230195039 0)
(0.01207367293 0.09170864966 0)
(0.01804585493 0.09072263841 0)
(0.02394076181 0.0893481389 0)
(0.02973315067 0.08759103694 0)
(0.03539821761 0.08545885671 0)
(0.04091170395 0.08296072854 0)
(0.0462500001 0.08010734979 0)
(0.05139024664 0.07691093908 0)
(0.05631043226 0.07338518392 0)
(0.06098948796 0.06954518213 0)
(0.06540737732 0.0654073772 0)
(0.00621329744 0.0947965977 0)
(0.01239998842 0.09418726181 0)
(0.01853358074 0.09317460161 0)
(0.02458780942 0.09176295346 0)
(0.03053674933 0.08995836226 0)
(0.03635492619 0.08776855554 0)
(0.04201742568 0.08520291039 0)
(0.0475000001 0.0822724133 0)
(0.05277917223 0.07898961311 0)
(0.05783233583 0.07536856727 0)
(0.0626378525 0.07142478165 0)
(0.06717514427 0.06717514415 0)
(0.006376805267 0.097291245 0)
(0.0127263039 0.09666587396 0)
(0.01902130655 0.09562656481 0)
(0.02523485704 0.09417776803 0)
(0.031340348 0.09232568758 0)
(0.03731163478 0.09007825437 0)
(0.04312314741 0.08744509224 0)
(0.0487500001 0.08443747681 0)
(0.05416809781 0.08106828714 0)
(0.05935423941 0.07735195062 0)
(0.06428621704 0.07330438117 0)
(0.06894291123 0.0689429111 0)
(0.006540313095 0.09978589231 0)
(0.01305261939 0.09914448612 0)
(0.01950903236 0.09807852801 0)
(0.02588190465 0.09659258259 0)
(0.03214394666 0.0946930129 0)
(0.03826834336 0.0923879532 0)
(0.04422886914 0.0896872741 0)
(0.0500000001 0.08660254032 0)
(0.0555570234 0.08314696117 0)
(0.06087614298 0.07933533397 0)
(0.06593458158 0.07518398068 0)
(0.07071067818 0.07071067806 0)
(0.004741726994 0.07234477193 0.01)
(0.009463149054 0.07187975243 0.01)
(0.01414404846 0.07110693281 0.01)
(0.01876438087 0.07002962238 0.01)
(0.02330436133 0.06865243436 0.01)
(0.02774454894 0.06698126607 0.01)
(0.03206593012 0.06502327372 0.01)
(0.03625000008 0.06278684173 0.01)
(0.04027884196 0.06028154685 0.01)
(0.04413520366 0.05751811712 0.01)
(0.04780257165 0.054508386 0.01)
(0.05126524168 0.05126524159 0.01)
(0.004905234821 0.07483941923 0.01)
(0.009789464539 0.07435836459 0.01)
(0.01463177427 0.07355889601 0.01)
(0.01941142849 0.07244443694 0.01)
(0.02410796 0.07101975968 0.01)
(0.02870125752 0.0692909649 0.01)
(0.03317165185 0.06726545557 0.01)
(0.03750000008 0.06495190524 0.01)
(0.04166776755 0.06236022088 0.01)
(0.04565710724 0.05950150047 0.01)
(0.04945093619 0.05638798551 0.01)
(0.05303300864 0.05303300854 0.01)
(0.005068742648 0.07733406654 0.01)
(0.01011578002 0.07683697674 0.01)
(0.01511950008 0.07601085921 0.01)
(0.02005847611 0.07485925151 0.01)
(0.02491155867 0.073387085 0.01)
(0.0296579661 0.07160066373 0.01)
(0.03427737358 0.06950763743 0.01)
(0.03875000008 0.06711696875 0.01)
(0.04305669313 0.06443889491 0.01)
(0.04717901081 0.06148488382 0.01)
(0.05109930073 0.05826758503 0.01)
(0.05480077559 0.05480077549 0.01)
(0.005232250476 0.07982871385 0.01)
(0.01044209551 0.07931558889 0.01)
(0.01560722588 0.07846282241 0.01)
(0.02070552372 0.07727406607 0.01)
(0.02571515733 0.07575441032 0.01)
(0.03061467469 0.07391036256 0.01)
(0.03538309531 0.07174981928 0.01)
(0.04000000008 0.06928203225 0.01)
(0.04444561872 0.06651756893 0.01)
(0.04870091439 0.06346826717 0.01)
(0.05274766527 0.06014718455 0.01)
(0.05656854255 0.05656854244 0.01)
(0.005395758303 0.08232336116 0.01)
(0.01076841099 0.08179420105 0.01)
(0.01609495169 0.08091478561 0.01)
(0.02135257134 0.07968888064 0.01)
(0.026518756 0.07812173565 0.01)
(0.03157138327 0.07622006139 0.01)
(0.03648881704 0.07399200113 0.01)
(0.04125000009 0.07144709576 0.01)
(0.0458345443 0.06859624296 0.01)
(0.05022281796 0.06545165052 0.01)
(0.05439602981 0.06202678406 0.01)
(0.0583363095 0.0583363094 0.01)
(0.00555926613 0.08481800847 0.01)
(0.01109472648 0.0842728132 0.01)
(0.0165826775 0.08336674881 0.01)
(0.02199961896 0.0821036952 0.01)
(0.02732235467 0.08048906097 0.01)
(0.03252809186 0.07852976022 0.01)
(0.03759453877 0.07623418298 0.01)
(0.04250000009 0.07361215927 0.01)
(0.04722346989 0.07067491699 0.01)
(0.05174472154 0.06743503387 0.01)
(0.05604439435 0.06390638358 0.01)
(0.06010407645 0.06010407635 0.01)
(0.005722773958 0.08731265577 0.01)
(0.01142104196 0.08675142535 0.01)
(0.01707040331 0.08581871201 0.01)
(0.02264666657 0.08451850977 0.01)
(0.02812595333 0.08285638629 0.01)
(0.03348480044 0.08083945905 0.01)
(0.03870026049 0.07847636483 0.01)
(0.04375000009 0.07577722278 0.01)
(0.04861239547 0.07275359102 0.01)
(0.05326662511 0.06941841722 0.01)
(0.05769275889 0.0657859831 0.01)
(0.06187184341 0.0618718433 0.01)
(0.005886281785 0.08980730308 0.01)
(0.01174735745 0.0892300375 0.01)
(0.01755812912 0.08827067521 0.01)
(0.02329371419 0.08693332433 0.01)
(0.028929552 0.08522371161 0.01)
(0.03444150902 0.08314915788 0.01)
(0.03980598222 0.08071854669 0.01)
(0.04500000009 0.07794228629 0.01)
(0.05000132106 0.07483226505 0.01)
(0.05478852869 0.07140180057 0.01)
(0.05934112342 0.06766558262 0.01)
(0.06363961036 0.06363961025 0.01)
(0.006049789613 0.09230195039 0.01)
(0.01207367293 0.09170864966 0.01)
(0.01804585493 0.09072263841 0.01)
(0.02394076181 0.0893481389 0.01)
(0.02973315067 0.08759103694 0.01)
(0.03539821761 0.08545885671 0.01)
(0.04091170395 0.08296072854 0.01)
(0.0462500001 0.08010734979 0.01)
(0.05139024664 0.07691093908 0.01)
(0.05631043226 0.07338518392 0.01)
(0.06098948796 0.06954518213 0.01)
(0.06540737732 0.0654073772 0.01)
(0.00621329744 0.0947965977 0.01)
(0.01239998842 0.09418726181 0.01)
(0.01853358074 0.09317460161 0.01)
(0.02458780942 0.09176295346 0.01)
(0.03053674933 0.08995836226 0.01)
(0.03635492619 0.08776855554 0.01)
(0.04201742568 0.08520291039 0.01)
(0.0475000001 0.0822724133 0.01)
(0.05277917223 0.07898961311 0.01)
(0.05783233583 0.07536856727 0.01)
(0.0626378525 0.07142478165 0.01)
(0.06717514427 0.06717514415 0.01)
(0.006376805267 0.097291245 0.01)
(0.0127263039 0.09666587396 0.01)
(0.01902130655 0.09562656481 0.01)
(0.02523485704 0.09417776803 0.01)
(0.031340348 0.09232568758 0.01)
(0.03731163478 0.09007825437 0.01)
(0.04312314741 0.08744509224 0.01)
(0.0487500001 0.08443747681 0.01)
(0.05416809781 0.08106828714 0.01)
(0.05935423941 0.07735195062 0.01)
(0.06428621704 0.07330438117 0.01)
(0.06894291123 0.0689429111 0.01)
(0.006540313095 0.09978589231 0.01)
(0.01305261939 0.09914448612 0.01)
(0.01950903236 0.09807852801 0.01)
(0.02588190465 0.09659258259 0.01)
(0.03214394666 0.0946930129 0.01)
(0.03826834336 0.0923879532 0.01)
(0.04422886914 0.0896872741 0.01)
(0.0500000001 0.08660254032 0.01)
(0.0555570234 0.08314696117 0.01)
(0.06087614298 0.07933533397 0.01)
(0.06593458158 0.07518398068 0.01)
(0.07071067818 0.07071067806 0.01)
(0.05126524168 0.05126524159 0)
(0.05450838608 0.04780257155 0)
(0.0575181172 0.04413520356 0)
(0.06028154692 0.04027884185 0)
(0.0627868418 0.03624999996 0)
(0.06502327378 0.03206593001 0)
(0.06698126612 0.02774454882 0)
(0.0686524344 0.02330436121 0)
(0.07002962241 0.01876438075 0)
(0.07110693283 0.01414404833 0)
(0.07187975245 0.009463148925 0)
(0.07234477194 0.004741726864 0)
(0.05303300864 0.05303300854 0)
(0.0563879856 0.04945093609 0)
(0.05950150056 0.04565710713 0)
(0.06236022095 0.04166776743 0)
(0.06495190531 0.03749999996 0)
(0.06726545563 0.03317165173 0)
(0.06929096495 0.0287012574 0)
(0.07101975972 0.02410795987 0)
(0.07244443698 0.01941142836 0)
(0.07355889603 0.01463177413 0)
(0.0743583646 0.009789464405 0)
(0.07483941924 0.004905234687 0)
(0.05480077559 0.05480077549 0)
(0.05826758512 0.05109930062 0)
(0.06148488391 0.0471790107 0)
(0.06443889498 0.04305669302 0)
(0.06711696882 0.03874999996 0)
(0.06950763749 0.03427737346 0)
(0.07160066378 0.02965796598 0)
(0.07338708505 0.02491155853 0)
(0.07485925154 0.02005847597 0)
(0.07601085923 0.01511949994 0)
(0.07683697676 0.01011577989 0)
(0.07733406655 0.00506874251 0)
(0.05656854255 0.05656854244 0)
(0.06014718464 0.05274766516 0)
(0.06346826726 0.04870091427 0)
(0.06651756901 0.0444456186 0)
(0.06928203233 0.03999999996 0)
(0.07174981934 0.03538309518 0)
(0.07391036261 0.03061467456 0)
(0.07575441037 0.0257151572 0)
(0.07727406611 0.02070552359 0)
(0.07846282244 0.01560722574 0)
(0.07931558891 0.01044209537 0)
(0.07982871386 0.005232250332 0)
(0.0583363095 0.0583363094 0)
(0.06202678416 0.05439602969 0)
(0.06545165061 0.05022281784 0)
(0.06859624305 0.04583454418 0)
(0.07144709584 0.04124999996 0)
(0.0739920012 0.0364888169 0)
(0.07622006145 0.03157138314 0)
(0.07812173569 0.02651875586 0)
(0.07968888068 0.0213525712 0)
(0.08091478564 0.01609495155 0)
(0.08179420106 0.01076841085 0)
(0.08232336117 0.005395758155 0)
(0.06010407645 0.06010407635 0)
(0.06390638368 0.05604439423 0)
(0.06743503396 0.05174472142 0)
(0.07067491708 0.04722346976 0)
(0.07361215935 0.04249999996 0)
(0.07623418305 0.03759453863 0)
(0.07852976028 0.03252809172 0)
(0.08048906102 0.02732235452 0)
(0.08210369524 0.02199961881 0)
(0.08336674884 0.01658267735 0)
(0.08427281322 0.01109472633 0)
(0.08481800848 0.005559265978 0)
(0.06187184341 0.0618718433 0)
(0.0657859832 0.05769275877 0)
(0.06941841732 0.05326662499 0)
(0.07275359111 0.04861239534 0)
(0.07577722286 0.04374999995 0)
(0.0784763649 0.03870026035 0)
(0.08083945911 0.0334848003 0)
(0.08285638634 0.02812595318 0)
(0.08451850981 0.02264666642 0)
(0.08581871204 0.01707040316 0)
(0.08675142537 0.01142104181 0)
(0.08731265578 0.005722773801 0)
(0.06363961036 0.06363961025 0)
(0.06766558272 0.0593411233 0)
(0.07140180067 0.05478852856 0)
(0.07483226514 0.05000132092 0)
(0.07794228637 0.04499999995 0)
(0.08071854676 0.03980598208 0)
(0.08314915794 0.03444150888 0)
(0.08522371167 0.02892955185 0)
(0.08693332437 0.02329371403 0)
(0.08827067524 0.01755812896 0)
(0.08923003753 0.01174735729 0)
(0.08980730309 0.005886281624 0)
(0.06540737732 0.0654073772 0)
(0.06954518224 0.06098948784 0)
(0.07338518402 0.05631043213 0)
(0.07691093917 0.0513902465 0)
(0.08010734988 0.04624999995 0)
(0.08296072861 0.0409117038 0)
(0.08545885677 0.03539821746 0)
(0.08759103699 0.02973315051 0)
(0.08934813894 0.02394076165 0)
(0.09072263844 0.01804585477 0)
(0.09170864968 0.01207367277 0)
(0.0923019504 0.006049789447 0)
(0.06717514427 0.06717514415 0)
(0.07142478176 0.06263785238 0)
(0.07536856737 0.0578323357 0)
(0.0789896132 0.05277917208 0)
(0.08227241339 0.04749999995 0)
(0.08520291047 0.04201742553 0)
(0.0877685556 0.03635492604 0)
(0.08995836231 0.03053674917 0)
(0.0917629535 0.02458780926 0)
(0.09317460164 0.01853358057 0)
(0.09418726183 0.01239998825 0)
(0.09479659771 0.00621329727 0)
(0.06894291123 0.0689429111 0)
(0.07330438128 0.06428621691 0)
(0.07735195072 0.05935423927 0)
(0.08106828724 0.05416809766 0)
(0.0844374769 0.04874999995 0)
(0.08744509232 0.04312314725 0)
(0.09007825444 0.03731163462 0)
(0.09232568764 0.03134034783 0)
(0.09417776807 0.02523485687 0)
(0.09562656484 0.01902130638 0)
(0.09666587399 0.01272630373 0)
(0.09729124502 0.006376805093 0)
(0.07071067818 0.07071067806 0)
(0.0751839808 0.06593458145 0)
(0.07933533407 0.06087614284 0)
(0.08314696127 0.05555702325 0)
(0.08660254041 0.04999999995 0)
(0.08968727418 0.04422886897 0)
(0.09238795327 0.0382683432 0)
(0.09469301296 0.03214394649 0)
(0.09659258264 0.02588190448 0)
(0.09807852804 0.01950903218 0)
(0.09914448614 0.01305261921 0)
(0.09978589232 0.006540312916 0)
(0.05126524168 0.05126524159 0.01)
(0.05450838608 0.04780257155 0.01)
(0.0575181172 0.04413520356 0.01)
(0.06028154692 0.04027884185 0.01)
(0.0627868418 0.03624999996 0.01)
(0.06502327378 0.03206593001 0.01)
(0.06698126612 0.02774454882 0.01)
(0.0686524344 0.02330436121 0.01)
(0.07002962241 0.01876438075 0.01)
(0.07110693283 0.01414404833 0.01)
(0.07187975245 0.009463148925 0.01)
(0.07234477194 0.004741726864 0.01)
(0.05303300864 0.05303300854 0.01)
(0.0563879856 0.04945093609 0.01)
(0.05950150056 0.04565710713 0.01)
(0.06236022095 0.04166776743 0.01)
(0.06495190531 0.03749999996 0.01)
(0.06726545563 0.03317165173 0.01)
(0.06929096495 0.0287012574 0.01)
(0.07101975972 0.02410795987 0.01)
(0.07244443698 0.01941142836 0.01)
(0.07355889603 0.01463177413 0.01)
(0.0743583646 0.009789464405 0.01)
(0.07483941924 0.004905234687 0.01)
(0.05480077559 0.05480077549 0.01)
(0.05826758512 0.05109930062 0.01)
(0.06148488391 0.0471790107 0.01)
(0.06443889498 0.04305669302 0.01)
(0.06711696882 0.03874999996 0.01)
(0.06950763749 0.03427737346 0.01)
(0.07160066378 0.02965796598 0.01)
(0.07338708505 0.02491155853 0.01)
(0.07485925154 0.02005847597 0.01)
(0.07601085923 0.01511949994 0.01)
(0.07683697676 0.01011577989 0.01)
(0.07733406655 0.00506874251 0.01)
(0.05656854255 0.05656854244 0.01)
(0.06014718464 0.05274766516 0.01)
(0.06346826726 0.04870091427 0.01)
(0.06651756901 0.0444456186 0.01)
(0.06928203233 0.03999999996 0.01)
(0.07174981934 0.03538309518 0.01)
(0.07391036261 0.03061467456 0.01)
(0.07575441037 0.0257151572 0.01)
(0.07727406611 0.02070552359 0.01)
(0.07846282244 0.01560722574 0.01)
(0.07931558891 0.01044209537 0.01)
(0.07982871386 0.005232250332 0.01)
(0.0583363095 0.0583363094 0.01)
(0.06202678416 0.05439602969 0.01)
(0.06545165061 0.05022281784 0.01)
(0.06859624305 0.04583454418 0.01)
(0.07144709584 0.04124999996 0.01)
(0.0739920012 0.0364888169 0.01)
(0.07622006145 0.03157138314 0.01)
(0.07812173569 0.02651875586 0.01)
(0.07968888068 0.0213525712 0.01)
(0.08091478564 0.01609495155 0.01)
(0.08179420106 0.01076841085 0.01)
(0.08232336117 0.005395758155 0.01)
(0.06010407645 0.06010407635 0.01)
(0.06390638368 0.05604439423 0.01)
(0.06743503396 0.05174472142 0.01)
(0.07067491708 0.04722346976 0.01)
(0.07361215935 0.04249999996 0.01)
(0.07623418305 0.03759453863 0.01)
(0.07852976028 0.03252809172 0.01)
(0.08048906102 0.02732235452 0.01)
(0.08210369524 0.02199961881 0.01)
(0.08336674884 0.01658267735 0.01)
(0.08427281322 0.01109472633 0.01)
(0.08481800848 0.005559265978 0.01)
(0.06187184341 0.0618718433 0.01)
(0.0657859832 0.05769275877 0.01)
(0.06941841732 0.05326662499 0.01)
(0.07275359111 0.04861239534 0.01)
(0.07577722286 0.04374999995 0.01)
(0.0784763649 0.03870026035 0.01)
(0.08083945911 0.0334848003 0.01)
(0.08285638634 0.02812595318 0.01)
(0.08451850981 0.02264666642 0.01)
(0.08581871204 0.01707040316 0.01)
(0.08675142537 0.01142104181 0.01)
(0.08731265578 0.005722773801 0.01)
(0.06363961036 0.06363961025 0.01)
(0.06766558272 0.0593411233 0.01)
(0.07140180067 0.05478852856 0.01)
(0.07483226514 0.05000132092 0.01)
(0.07794228637 0.04499999995 0.01)
(0.08071854676 0.03980598208 0.01)
(0.08314915794 0.03444150888 0.01)
(0.08522371167 0.02892955185 0.01)
(0.08693332437 0.02329371403 0.01)
(0.08827067524 0.01755812896 0.01)
(0.08923003753 0.01174735729 0.01)
(0.08980730309 0.005886281624 0.01)
(0.06540737732 0.0654073772 0.01)
(0.06954518224 0.06098948784 0.01)
(0.07338518402 0.05631043213 0.01)
(0.07691093917 0.0513902465 0.01)
(0.08010734988 0.04624999995 0.01)
(0.08296072861 0.0409117038 0.01)
(0.08545885677 0.03539821746 0.01)
(0.08759103699 0.02973315051 0.01)
(0.08934813894 0.02394076165 0.01)
(0.09072263844 0.01804585477 0.01)
(0.09170864968 0.01207367277 0.01)
(0.0923019504 0.006049789447 0.01)
(0.06717514427 0.06717514415 0.01)
(0.07142478176 0.06263785238 0.01)
(0.07536856737 0.0578323357 0.01)
(0.0789896132 0.05277917208 0.01)
(0.08227241339 0.04749999995 0.01)
(0.08520291047 0.04201742553 0.01)
(0.0877685556 0.03635492604 0.01)
(0.08995836231 0.03053674917 0.01)
(0.0917629535 0.02458780926 0.01)
(0.09317460164 0.01853358057 0.01)
(0.09418726183 0.01239998825 0.01)
(0.09479659771 0.00621329727 0.01)
(0.06894291123 0.0689429111 0.01)
(0.07330438128 0.06428621691 0.01)
(0.07735195072 0.05935423927 0.01)
(0.08106828724 0.05416809766 0.01)
(0.0844374769 0.04874999995 0.01)
(0.08744509232 0.04312314725 0.01)
(0.09007825444 0.03731163462 0.01)
(0.09232568764 0.03134034783 0.01)
(0.09417776807 0.02523485687 0.01)
(0.09562656484 0.01902130638 0.01)
(0.09666587399 0.01272630373 0.01)
(0.09729124502 0.006376805093 0.01)
(0.07071067818 0.07071067806 0.01)
(0.0751839808 0.06593458145 0.01)
(0.07933533407 0.06087614284 0.01)
(0.08314696127 0.05555702325 0.01)
(0.08660254041 0.04999999995 0.01)
(0.08968727418 0.04422886897 0.01)
(0.09238795327 0.0382683432 0.01)
(0.09469301296 0.03214394649 0.01)
(0.09659258264 0.02588190448 0.01)
(0.09807852804 0.01950903218 0.01)
(0.09914448614 0.01305261921 0.01)
(0.09978589232 0.006540312916 0.01)
)


// ************************************************************************* //
