/*--------------------------------*- C++ -*----------------------------------*\
  =========                 |
  \\      /  F ield         | OpenFOAM: The Open Source CFD Toolbox
   \\    /   O peration     | Website:  https://openfoam.org
    \\  /    A nd           | Version:  6
     \\/     M anipulation  |
\*---------------------------------------------------------------------------*/
FoamFile
{
    version     2.0;
    format      ascii;
    class       surfaceScalarField;
    location    "2000";
    object      phi;
}
// * * * * * * * * * * * * * * * * * * * * * * * * * * * * * * * * * * * * * //

dimensions      [0 3 -1 0 0 0 0];

internalField   nonuniform List<scalar> 
5952
(
-9.66958e-07
9.95759e-07
-2.11431e-06
9.19773e-07
-2.66203e-06
5.90006e-07
-3.91988e-06
9.18814e-07
-4.76821e-06
8.98126e-07
-5.90825e-06
7.23484e-07
-6.35428e-06
5.08785e-07
-7.10086e-06
3.22313e-07
-7.23104e-06
2.1023e-07
-7.68379e-06
1.1089e-07
-7.55351e-06
5.2936e-08
-1.07018e-08
-7.76282e-06
-4.67241e-06
5.63578e-06
-5.86675e-06
2.06625e-06
-6.11673e-06
8.25872e-07
-5.68696e-06
4.38651e-07
-5.07512e-06
2.69092e-07
-4.54821e-06
1.40306e-07
-4.1029e-06
4.33305e-08
-3.81717e-06
-2.6202e-08
-3.55621e-06
-6.01887e-08
-3.41128e-06
-7.44651e-08
-3.27956e-06
-6.69404e-08
-5.66235e-08
-3.25095e-06
-1.23147e-06
6.82032e-06
-1.74413e-06
2.54442e-06
-1.48515e-06
5.55134e-07
-1.07014e-06
2.79701e-09
-6.32379e-07
-1.80472e-07
-2.56953e-07
-2.56358e-07
5.9306e-08
-2.84051e-07
2.95909e-07
-2.8295e-07
4.86559e-07
-2.57323e-07
6.15765e-07
-2.15368e-07
7.11247e-07
-1.6024e-07
-1.00085e-07
7.51936e-07
-1.84811e-06
8.59087e-06
-5.93852e-07
1.2503e-06
1.38778e-07
-1.92728e-07
6.65475e-07
-5.42404e-07
1.10287e-06
-6.29361e-07
1.46321e-06
-6.33757e-07
1.76593e-06
-5.97151e-07
2.00277e-06
-5.35122e-07
2.19196e-06
-4.52659e-07
2.32447e-06
-3.57608e-07
2.41633e-06
-2.5296e-07
-1.44466e-07
2.4576e-06
-1.13e-06
9.53869e-06
-4.0746e-08
9.54924e-08
8.58119e-07
-1.11961e-06
1.50295e-06
-1.2127e-06
2.00749e-06
-1.15169e-06
2.41175e-06
-1.06047e-06
2.74288e-06
-9.43663e-07
3.00206e-06
-8.13563e-07
3.2041e-06
-6.65437e-07
3.34616e-06
-5.13727e-07
3.44121e-06
-3.52351e-07
-1.94966e-07
3.48324e-06
-1.57543e-06
1.08691e-05
2.15314e-07
-1.78731e-06
1.3632e-06
-2.32747e-06
2.15376e-06
-2.03671e-06
2.74107e-06
-1.78056e-06
3.20904e-06
-1.55361e-06
3.57136e-06
-1.34226e-06
3.85983e-06
-1.12001e-06
4.06829e-06
-9.03636e-07
4.22393e-06
-6.78221e-07
4.31376e-06
-4.6471e-07
-2.44353e-07
4.36338e-06
-1.62428e-06
1.18445e-05
5.07853e-07
-4.07686e-06
1.91068e-06
-3.79374e-06
2.84063e-06
-3.02702e-06
3.52741e-06
-2.50534e-06
4.03969e-06
-2.11584e-06
4.44031e-06
-1.77135e-06
4.73173e-06
-1.45314e-06
4.95477e-06
-1.14409e-06
5.09833e-06
-8.5403e-07
5.19712e-06
-5.70368e-07
-3.01508e-07
5.23331e-06
-1.64505e-06
1.33087e-05
8.63633e-07
-6.6812e-06
2.55506e-06
-5.54098e-06
3.65381e-06
-4.17272e-06
4.42134e-06
-3.31371e-06
4.97527e-06
-2.70742e-06
5.38081e-06
-2.21139e-06
5.67371e-06
-1.77475e-06
5.88107e-06
-1.37767e-06
6.01957e-06
-1.01288e-06
6.10364e-06
-6.72055e-07
-3.48954e-07
6.14048e-06
-1.9789e-06
1.47355e-05
1.30605e-06
-1.00638e-05
3.37122e-06
-7.65275e-06
4.63687e-06
-5.47458e-06
5.46133e-06
-4.17137e-06
6.0202e-06
-3.29813e-06
6.40606e-06
-2.62566e-06
6.67241e-06
-2.06694e-06
6.85309e-06
-1.58114e-06
6.97015e-06
-1.14996e-06
7.03855e-06
-7.56858e-07
-3.90667e-07
7.06784e-06
-8.44153e-07
1.56591e-05
2.35644e-06
-1.32735e-05
4.56264e-06
-9.88116e-06
5.87612e-06
-6.80473e-06
6.67317e-06
-4.99073e-06
7.17727e-06
-3.82055e-06
7.50183e-06
-2.97071e-06
7.71558e-06
-2.29709e-06
7.85271e-06
-1.73617e-06
7.93854e-06
-1.25034e-06
7.98532e-06
-8.18508e-07
-4.19904e-07
8.00553e-06
2.64729e-06
1.31071e-05
4.74282e-06
-1.5332e-05
6.42933e-06
-1.15632e-05
7.47017e-06
-7.85289e-06
8.07388e-06
-5.60646e-06
8.43028e-06
-4.19066e-06
8.64689e-06
-3.20143e-06
8.78079e-06
-2.44506e-06
8.86203e-06
-1.83148e-06
8.90785e-06
-1.31075e-06
8.93041e-06
-8.5412e-07
-4.37952e-07
8.93878e-06
1.07668e-05
2.47438e-06
9.40661e-06
-1.38852e-05
9.25501e-06
-1.13741e-05
9.45236e-06
-8.03992e-06
9.62647e-06
-5.77611e-06
9.73812e-06
-4.30501e-06
9.80649e-06
-3.27238e-06
9.84423e-06
-2.48874e-06
9.86218e-06
-1.85591e-06
9.86513e-06
-1.32361e-06
9.86128e-06
-8.59183e-07
9.85696e-06
-4.40701e-07
-7.50037e-06
-4.25514e-08
-7.5195e-06
-8.46646e-08
-7.14972e-06
-1.11106e-07
-6.98929e-06
-1.69212e-07
-6.50056e-06
-2.51071e-07
-6.07043e-06
-3.79242e-07
-5.35789e-06
-5.23538e-07
-4.59864e-06
-6.4321e-07
-3.99701e-06
-4.75979e-07
-3.3809e-06
-5.27015e-07
-1.45861e-06
-1.78414e-06
-1.42123e-06
-3.22774e-06
-3.8837e-08
-3.2824e-06
-2.41699e-08
-3.34352e-06
-1.09599e-08
-3.47901e-06
-1.15573e-08
-3.66309e-06
-2.7945e-08
-3.94865e-06
-6.74757e-08
-4.3091e-06
-1.29497e-07
-4.69044e-06
-2.31389e-07
-4.71368e-06
-4.24225e-07
-4.21899e-06
-9.9105e-07
-3.32615e-06
-2.61825e-06
-4.73987e-06
7.58621e-07
-3.64547e-08
7.15592e-07
2.49403e-08
6.36994e-07
8.20977e-08
5.08304e-07
1.2897e-07
3.34565e-07
1.62496e-07
1.05219e-07
1.76253e-07
-1.71237e-07
1.62598e-07
-4.83494e-07
9.55353e-08
-8.00997e-07
-9.48613e-08
-1.14958e-06
-6.26471e-07
-1.56769e-06
-2.1944e-06
-6.32392e-06
2.4595e-06
-3.43672e-08
2.41317e-06
7.392e-08
2.32549e-06
1.78027e-07
2.18824e-06
2.74176e-07
2.00337e-06
3.58524e-07
1.76568e-06
4.24825e-07
1.47595e-06
4.63917e-07
1.12686e-06
4.53542e-07
7.01339e-07
3.38478e-07
1.27058e-07
-5.87419e-08
-5.65366e-07
-1.53134e-06
-6.85633e-06
3.48271e-06
-3.21524e-08
3.43097e-06
1.23865e-07
3.33383e-06
2.82188e-07
3.18176e-06
4.32353e-07
2.97388e-06
5.78151e-07
2.70069e-06
7.09826e-07
2.3533e-06
8.22732e-07
1.91236e-06
9.0395e-07
1.32858e-06
9.26364e-07
4.73982e-07
7.95639e-07
-7.60701e-07
-2.27885e-07
-7.58982e-06
4.35384e-06
-3.57847e-08
4.30522e-06
1.80912e-07
4.19671e-06
3.90463e-07
4.03758e-06
6.07793e-07
3.80748e-06
8.21095e-07
3.50115e-06
1.03645e-06
3.09659e-06
1.2453e-06
2.56573e-06
1.45354e-06
1.8444e-06
1.67805e-06
7.62343e-07
1.92411e-06
-9.91499e-07
1.55349e-06
-8.41826e-06
5.23331e-06
-3.2229e-08
5.17583e-06
2.3193e-07
5.07546e-06
5.05809e-07
4.90932e-06
7.84403e-07
4.67659e-06
1.07936e-06
4.35015e-06
1.38496e-06
3.9126e-06
1.71244e-06
3.32732e-06
2.07478e-06
2.50714e-06
2.51722e-06
1.27685e-06
3.17889e-06
-6.59032e-07
3.67193e-06
-9.07225e-06
6.13504e-06
-3.393e-08
6.08733e-06
2.82342e-07
5.99112e-06
6.07814e-07
5.84021e-06
9.53114e-07
5.61412e-06
1.32255e-06
5.29675e-06
1.72862e-06
4.85278e-06
2.17841e-06
4.23669e-06
2.70685e-06
3.37831e-06
3.41226e-06
2.09306e-06
4.50102e-06
1.55937e-07
5.58834e-06
-8.74089e-06
7.06372e-06
-3.55176e-08
7.02423e-06
3.21086e-07
6.94612e-06
6.93901e-07
6.81655e-06
1.09421e-06
6.62113e-06
1.53538e-06
6.33247e-06
2.03276e-06
5.91848e-06
2.60962e-06
5.33109e-06
3.31668e-06
4.46954e-06
4.26576e-06
3.18155e-06
5.79088e-06
1.31114e-06
7.58571e-06
-7.55989e-06
8.0026e-06
-3.77432e-08
7.9762e-06
3.4878e-07
7.9209e-06
7.56612e-07
7.825e-06
1.19981e-06
7.67486e-06
1.69853e-06
7.44406e-06
2.27278e-06
7.1004e-06
2.96095e-06
6.58386e-06
3.82987e-06
5.82267e-06
5.04512e-06
4.664e-06
6.94652e-06
3.1496e-06
8.99791e-06
-4.41329e-06
8.93858e-06
-4.21859e-08
8.92741e-06
3.61436e-07
8.89854e-06
7.9082e-07
8.84429e-06
1.26271e-06
8.75142e-06
1.79803e-06
8.60307e-06
2.42515e-06
8.37155e-06
3.19319e-06
8.01515e-06
4.18842e-06
7.46068e-06
5.57385e-06
6.68772e-06
7.70298e-06
5.47045e-06
1.01896e-05
8.23603e-07
9.86077e-06
-4.82559e-08
9.86567e-06
3.58931e-07
9.865e-06
7.95985e-07
9.85403e-06
1.27952e-06
9.82547e-06
1.82783e-06
9.77486e-06
2.47408e-06
9.69223e-06
3.2674e-06
9.5613e-06
4.30418e-06
9.36349e-06
5.76681e-06
9.08009e-06
7.94657e-06
8.37133e-06
1.07644e-05
9.22504e-06
-9.10813e-06
4.36798e-06
-8.85934e-06
-6.31691e-07
-8.07055e-06
-5.42437e-07
-8.44002e-06
2.13368e-08
-8.48123e-06
2.51802e-07
-9.01145e-06
2.00357e-07
-8.91959e-06
1.05908e-07
-9.20596e-06
-1.06557e-08
-8.93945e-06
-6.82321e-08
-9.07619e-06
-1.16772e-07
-8.7471e-06
-1.29297e-07
-1.61357e-07
-8.79218e-06
-1.61753e-06
5.82194e-06
-4.00553e-06
1.63659e-06
-4.91826e-06
3.73973e-07
-5.01527e-06
6.20513e-08
-4.69677e-06
-5.85898e-08
-4.38741e-06
-1.5507e-07
-4.05125e-06
-2.20048e-07
-3.83723e-06
-2.63098e-07
-3.61567e-06
-2.76082e-07
-3.4909e-06
-2.70507e-07
-3.35838e-06
-2.44549e-07
-2.17657e-07
-3.32106e-06
-1.66923e-06
7.4529e-06
-1.5958e-06
1.52418e-06
-1.29566e-06
7.31267e-08
-9.49623e-07
-3.01079e-07
-5.78293e-07
-4.28403e-07
-2.59909e-07
-4.86474e-07
2.66257e-08
-5.03527e-07
2.4635e-07
-4.931e-07
4.32359e-07
-4.57471e-07
5.59874e-07
-4.0526e-07
6.60524e-07
-3.38883e-07
-2.67742e-07
7.07064e-07
-1.55706e-06
8.90901e-06
-5.07015e-07
4.44224e-07
1.86729e-07
-6.2267e-07
6.87184e-07
-8.10325e-07
1.10418e-06
-8.38678e-07
1.44649e-06
-8.33517e-07
1.73988e-06
-7.87816e-07
1.97172e-06
-7.28014e-07
2.16067e-06
-6.36429e-07
2.29433e-06
-5.40817e-07
2.39033e-06
-4.24171e-07
-3.13195e-07
2.43507e-06
-9.70598e-07
9.77753e-06
4.34529e-08
-6.20644e-07
8.71881e-07
-1.48681e-06
1.50146e-06
-1.43453e-06
1.97933e-06
-1.3449e-06
2.39429e-06
-1.226e-06
2.70847e-06
-1.12374e-06
2.9851e-06
-9.7685e-07
3.17401e-06
-8.43995e-07
3.33601e-06
-6.73301e-07
3.41948e-06
-5.24166e-07
-3.45255e-07
3.48158e-06
-1.41565e-06
1.05252e-05
2.41153e-07
-2.43519e-06
1.3595e-06
-2.65074e-06
2.10805e-06
-2.25653e-06
2.72069e-06
-1.94495e-06
3.16103e-06
-1.72482e-06
3.55618e-06
-1.49314e-06
3.82038e-06
-1.28857e-06
4.0634e-06
-1.05385e-06
4.1964e-06
-8.451e-07
4.32093e-06
-6.10896e-07
-4.03139e-07
4.34878e-06
-1.46965e-06
1.17847e-05
4.78092e-07
-4.51948e-06
1.86328e-06
-4.09191e-06
2.80158e-06
-3.23943e-06
3.47831e-06
-2.68645e-06
4.00843e-06
-2.27707e-06
4.40186e-06
-1.933e-06
4.71274e-06
-1.6073e-06
4.92976e-06
-1.3027e-06
5.09451e-06
-1.00552e-06
5.18882e-06
-7.24212e-07
-4.4508e-07
5.24322e-06
-1.98361e-06
1.321e-05
7.79545e-07
-7.3391e-06
2.48519e-06
-5.89458e-06
3.60221e-06
-4.40224e-06
4.37704e-06
-3.50075e-06
4.93813e-06
-2.87626e-06
5.34881e-06
-2.37291e-06
5.64948e-06
-1.93133e-06
5.86358e-06
-1.53249e-06
6.01285e-06
-1.16419e-06
6.10601e-06
-8.19634e-07
-4.90023e-07
6.1511e-06
-1.757e-06
1.50964e-05
1.27425e-06
-1.04463e-05
3.33211e-06
-7.93718e-06
4.59235e-06
-5.70242e-06
5.42203e-06
-4.36453e-06
5.98597e-06
-3.47291e-06
6.37761e-06
-2.79085e-06
6.65002e-06
-2.22514e-06
6.83904e-06
-1.73558e-06
6.9672e-06
-1.29883e-06
7.04692e-06
-9.00545e-07
-5.25081e-07
7.0861e-06
-9.35542e-07
1.59577e-05
2.31505e-06
-1.36448e-05
4.50738e-06
-1.01981e-05
5.83535e-06
-7.0368e-06
6.63959e-06
-5.19001e-06
7.148e-06
-4.00333e-06
7.47833e-06
-3.14076e-06
7.6966e-06
-2.45976e-06
7.84343e-06
-1.89073e-06
7.94013e-06
-1.39903e-06
8.00092e-06
-9.57767e-07
-5.48557e-07
8.0316e-06
2.69647e-06
1.3561e-05
4.69321e-06
-1.56362e-05
6.39544e-06
-1.18279e-05
7.43678e-06
-8.09269e-06
8.04629e-06
-5.81803e-06
8.4084e-06
-4.38348e-06
8.62863e-06
-3.38142e-06
8.76817e-06
-2.61436e-06
8.85758e-06
-1.99158e-06
8.91651e-06
-1.46153e-06
8.95347e-06
-9.93533e-07
-5.62966e-07
8.97433e-06
1.08447e-05
2.7502e-06
9.4039e-06
-1.40986e-05
9.22011e-06
-1.16768e-05
9.42665e-06
-8.28503e-06
9.60722e-06
-5.99562e-06
9.7236e-06
-4.50769e-06
9.79533e-06
-3.46221e-06
9.83804e-06
-2.6661e-06
9.86414e-06
-2.02302e-06
9.88104e-06
-1.47869e-06
9.89318e-06
-1.00025e-06
9.90311e-06
-5.63438e-07
-8.41877e-06
-1.7367e-07
-8.38902e-06
-1.95179e-07
-8.00429e-06
-1.95524e-07
-7.90903e-06
-2.37579e-07
-7.44669e-06
-3.04563e-07
-7.15051e-06
-4.12983e-07
-6.52074e-06
-5.28071e-07
-5.92488e-06
-6.20203e-07
-5.3908e-06
-4.61547e-07
-4.57668e-06
-7.58722e-07
-2.19517e-06
-2.27812e-06
-2.16294e-06
-3.28705e-06
-1.86899e-07
-3.33183e-06
-1.61421e-07
-3.37022e-06
-1.35864e-07
-3.4905e-06
-1.2517e-07
-3.64605e-06
-1.33217e-07
-3.90122e-06
-1.6503e-07
-4.1996e-06
-2.22271e-07
-4.48763e-06
-3.32741e-07
-4.3663e-06
-5.71548e-07
-3.8238e-06
-1.27665e-06
-2.81476e-06
-3.23158e-06
-4.96657e-06
7.22397e-07
-1.94166e-07
6.84254e-07
-1.23779e-07
6.15237e-07
-5.75003e-08
4.92906e-07
-2.40869e-09
3.29589e-07
3.82111e-08
1.07395e-07
5.71238e-08
-1.55841e-07
4.48068e-08
-4.56712e-07
-3.13108e-08
-7.67668e-07
-2.54948e-07
-1.16055e-06
-8.64448e-07
-1.85242e-06
-2.52427e-06
-6.81345e-06
2.4428e-06
-1.90323e-07
2.39993e-06
-7.915e-08
2.31806e-06
3.60693e-08
2.18434e-06
1.3538e-07
2.00513e-06
2.28344e-07
1.77022e-06
2.95996e-07
1.48687e-06
3.38457e-07
1.14237e-06
3.17874e-07
7.27504e-07
1.7222e-07
1.84969e-07
-3.16841e-07
-3.00479e-07
-2.02903e-06
-7.03955e-06
3.47043e-06
-1.91516e-07
3.43533e-06
-1.57422e-08
3.3306e-06
1.3648e-07
3.19104e-06
3.01994e-07
2.97753e-06
4.44126e-07
2.71416e-06
5.86746e-07
2.36247e-06
6.95049e-07
1.92587e-06
7.73656e-07
1.34129e-06
7.66652e-07
4.89782e-07
5.47146e-07
-7.05105e-07
-6.96684e-07
-7.69264e-06
4.36801e-06
-1.73176e-07
4.3008e-06
3.50173e-08
4.21389e-06
2.6231e-07
4.04171e-06
4.74736e-07
3.8262e-06
7.01239e-07
3.51138e-06
9.13665e-07
3.11272e-06
1.12964e-06
2.57385e-06
1.32972e-06
1.84121e-06
1.53194e-06
7.53776e-07
1.72903e-06
-1.03166e-06
1.13194e-06
-8.39563e-06
5.23709e-06
-1.74626e-07
5.19194e-06
1.01113e-07
5.08657e-06
3.7751e-07
4.92854e-06
6.6714e-07
4.69191e-06
9.64194e-07
4.37006e-06
1.27834e-06
3.92543e-06
1.60453e-06
3.3332e-06
1.96904e-06
2.51027e-06
2.40923e-06
1.22145e-06
3.02305e-06
-7.99912e-07
3.55601e-06
-9.14281e-06
6.1511e-06
-1.66804e-07
6.10559e-06
1.57462e-07
6.01373e-06
4.94034e-07
5.86087e-06
8.45949e-07
5.6385e-06
1.22572e-06
5.31604e-06
1.63442e-06
4.87273e-06
2.0918e-06
4.25293e-06
2.62148e-06
3.3725e-06
3.31749e-06
2.11458e-06
4.42525e-06
2.0413e-07
5.43087e-06
-8.51634e-06
7.0871e-06
-1.60206e-07
7.05243e-06
2.0883e-07
6.97449e-06
5.93369e-07
6.8462e-06
1.00468e-06
6.64811e-06
1.45537e-06
6.35897e-06
1.95903e-06
5.94111e-06
2.54144e-06
5.34604e-06
3.25157e-06
4.49428e-06
4.21045e-06
3.17127e-06
5.69298e-06
1.4057e-06
7.55328e-06
-7.28121e-06
8.03568e-06
-1.52793e-07
8.01353e-06
2.49104e-07
7.9575e-06
6.70275e-07
7.86181e-06
1.12811e-06
7.70669e-06
1.63522e-06
7.47486e-06
2.21972e-06
7.1257e-06
2.91313e-06
6.60683e-06
3.78777e-06
5.82014e-06
4.99571e-06
4.68365e-06
6.92937e-06
3.10266e-06
8.92463e-06
-4.12889e-06
8.98224e-06
-1.49382e-07
8.97395e-06
2.73094e-07
8.945e-06
7.19353e-07
8.88709e-06
1.20656e-06
8.79047e-06
1.75299e-06
8.63723e-06
2.39059e-06
8.39959e-06
3.16473e-06
8.03173e-06
4.1671e-06
7.47521e-06
5.56445e-06
6.64023e-06
7.66813e-06
5.40617e-06
1.0206e-05
1.12665e-06
9.91553e-06
-1.481e-07
9.9223e-06
2.806e-07
9.9208e-06
7.38437e-07
9.90398e-06
1.23675e-06
9.87087e-06
1.79969e-06
9.81229e-06
2.45509e-06
9.72296e-06
3.25907e-06
9.5815e-06
4.30156e-06
9.35465e-06
5.76525e-06
9.04983e-06
7.9679e-06
8.30393e-06
1.08111e-05
9.34734e-06
-1.01777e-06
1.05173e-06
-2.2006e-06
9.57655e-07
-2.77133e-06
6.16937e-07
-4.06649e-06
9.59494e-07
-4.94142e-06
9.29953e-07
-6.09832e-06
7.46695e-07
-6.57255e-06
5.38671e-07
-7.33082e-06
3.44326e-07
-7.45846e-06
2.10542e-07
-7.89638e-06
1.02328e-07
-7.76614e-06
5.4718e-08
1.50628e-09
-7.98382e-06
-4.67439e-06
5.69702e-06
-5.87977e-06
2.11634e-06
-6.1342e-06
8.58606e-07
-5.68923e-06
4.64462e-07
-5.06534e-06
2.90065e-07
-4.53249e-06
1.57688e-07
-4.0721e-06
5.91571e-08
-3.77886e-06
-1.17157e-08
-3.52853e-06
-4.81111e-08
-3.39911e-06
-6.72174e-08
-3.26775e-06
-6.34207e-08
-5.2129e-08
-3.23124e-06
-1.21899e-06
6.87285e-06
-1.74871e-06
2.61309e-06
-1.49198e-06
5.91145e-07
-1.0749e-06
2.71037e-08
-6.34934e-07
-1.611e-07
-2.58272e-07
-2.39801e-07
5.95869e-08
-2.69332e-07
2.97778e-07
-2.69716e-07
4.89509e-07
-2.458e-07
6.17211e-07
-2.06246e-07
7.09783e-07
-1.53298e-07
-9.41987e-08
7.49432e-07
-1.82402e-06
8.62587e-06
-5.87457e-07
1.33881e-06
1.38839e-07
-1.49202e-07
6.63129e-07
-5.14964e-07
1.09985e-06
-6.08664e-07
1.46003e-06
-6.16544e-07
1.76303e-06
-5.82191e-07
2.00031e-06
-5.21921e-07
2.18995e-06
-4.41128e-07
2.32212e-06
-3.47802e-07
2.4132e-06
-2.44828e-07
-1.37775e-07
2.45398e-06
-1.07511e-06
9.53404e-06
-2.79184e-08
2.2957e-07
8.58432e-07
-1.0618e-06
1.4992e-06
-1.18025e-06
2.00258e-06
-1.12884e-06
2.40647e-06
-1.04226e-06
2.73778e-06
-9.28093e-07
2.99717e-06
-8.00092e-07
3.1995e-06
-6.53549e-07
3.34146e-06
-5.03486e-07
3.43635e-06
-3.43515e-07
-1.8771e-07
3.47805e-06
-1.56046e-06
1.08735e-05
2.03627e-07
-1.62105e-06
1.35207e-06
-2.26787e-06
2.144e-06
-2.00361e-06
2.73196e-06
-1.75727e-06
3.20077e-06
-1.53473e-06
3.5635e-06
-1.32635e-06
3.85273e-06
-1.10604e-06
4.06141e-06
-8.91536e-07
4.21741e-06
-6.67377e-07
4.30693e-06
-4.55352e-07
-2.36224e-07
4.35644e-06
-1.77426e-06
1.20516e-05
4.65572e-07
-4.01072e-06
1.88855e-06
-3.75048e-06
2.82458e-06
-2.99812e-06
3.51444e-06
-2.48301e-06
4.02821e-06
-2.09721e-06
4.4302e-06
-1.75512e-06
4.72234e-06
-1.43906e-06
4.94624e-06
-1.13157e-06
5.08993e-06
-8.42877e-07
5.18883e-06
-5.60227e-07
-2.92614e-07
5.22448e-06
-1.68372e-06
1.35665e-05
8.2869e-07
-6.6134e-06
2.5306e-06
-5.50555e-06
3.63496e-06
-4.14733e-06
4.40568e-06
-3.29299e-06
4.96176e-06
-2.68935e-06
5.36883e-06
-2.19544e-06
5.66291e-06
-1.76065e-06
5.87103e-06
-1.36506e-06
6.00988e-06
-1.00139e-06
6.09395e-06
-6.61405e-07
-3.39204e-07
6.13039e-06
-1.97461e-06
1.50299e-05
1.29006e-06
-9.96872e-06
3.35168e-06
-7.61129e-06
4.61837e-06
-5.44861e-06
5.44472e-06
-4.15113e-06
6.00547e-06
-3.28064e-06
6.393e-06
-2.61019e-06
6.66069e-06
-2.05315e-06
6.8423e-06
-1.56869e-06
6.95987e-06
-1.13842e-06
7.02833e-06
-7.45856e-07
-3.80135e-07
7.05722e-06
-8.00931e-07
1.59099e-05
2.35738e-06
-1.31339e-05
4.54859e-06
-9.82334e-06
5.85886e-06
-6.77457e-06
6.6563e-06
-4.96985e-06
7.16193e-06
-3.80357e-06
7.48826e-06
-2.95599e-06
7.70351e-06
-2.28393e-06
7.84167e-06
-1.7241e-06
7.92802e-06
-1.23882e-06
7.97471e-06
-8.07153e-07
-4.08476e-07
7.99442e-06
2.64787e-06
1.33586e-05
4.73381e-06
-1.51846e-05
6.41284e-06
-1.14981e-05
7.45162e-06
-7.82026e-06
8.05614e-06
-5.58563e-06
8.41434e-06
-4.17462e-06
8.63294e-06
-3.18776e-06
8.76853e-06
-2.43279e-06
8.85097e-06
-1.81996e-06
8.89735e-06
-1.2994e-06
8.91993e-06
-8.42491e-07
-4.25738e-07
8.92791e-06
1.06898e-05
2.79862e-06
9.36622e-06
-1.37797e-05
9.22671e-06
-1.13229e-05
9.4289e-06
-8.01239e-06
9.6065e-06
-5.75853e-06
9.72116e-06
-4.29133e-06
9.79209e-06
-3.2606e-06
9.83192e-06
-2.47786e-06
9.8513e-06
-1.8453e-06
9.85494e-06
-1.31272e-06
9.85123e-06
-8.47443e-07
9.84656e-06
-4.27817e-07
-7.73316e-06
-3.08e-08
-7.75455e-06
-7.95454e-08
-7.3771e-06
-1.1804e-07
-7.20303e-06
-1.8059e-07
-6.71152e-06
-2.50982e-07
-6.29069e-06
-3.70191e-07
-5.58375e-06
-5.16224e-07
-4.83289e-06
-6.35055e-07
-4.23487e-06
-4.70819e-07
-3.57987e-06
-5.63158e-07
-1.57783e-06
-1.85721e-06
-1.53801e-06
-3.20126e-06
-3.24539e-08
-3.2559e-06
-1.84823e-08
-3.32507e-06
-8.4241e-09
-3.46929e-06
-1.35112e-08
-3.64885e-06
-3.10469e-08
-3.92228e-06
-6.99376e-08
-4.27041e-06
-1.33641e-07
-4.63559e-06
-2.3906e-07
-4.63629e-06
-4.4075e-07
-4.13684e-06
-1.02995e-06
-3.21773e-06
-2.7129e-06
-4.74563e-06
7.57783e-07
-3.11963e-08
7.16743e-07
2.90468e-08
6.39279e-07
8.41247e-08
5.09939e-07
1.28121e-07
3.36757e-07
1.59382e-07
1.10057e-07
1.71418e-07
-1.62911e-07
1.55257e-07
-4.71248e-07
8.4154e-08
-7.86426e-07
-1.13167e-07
-1.14341e-06
-6.55442e-07
-1.62123e-06
-2.22468e-06
-6.37905e-06
2.4562e-06
-2.90238e-08
2.41046e-06
7.77669e-08
2.32335e-06
1.79906e-07
2.18609e-06
2.73635e-07
2.00148e-06
3.55491e-07
1.76479e-06
4.19228e-07
1.47684e-06
4.54967e-07
1.13032e-06
4.3984e-07
7.08865e-07
3.1661e-07
1.46197e-07
-9.7282e-08
-4.92101e-07
-1.609e-06
-6.83948e-06
3.47749e-06
-2.63e-08
3.42567e-06
1.28003e-07
3.32858e-06
2.84488e-07
3.1762e-06
4.32266e-07
2.96821e-06
5.75696e-07
2.69495e-06
7.04289e-07
2.34818e-06
8.13673e-07
1.90833e-06
8.89124e-07
1.32839e-06
9.01413e-07
4.85779e-07
7.47017e-07
-7.1359e-07
-3.44607e-07
-7.52593e-06
4.34637e-06
-2.92855e-08
4.29754e-06
1.85978e-07
4.18833e-06
3.93536e-07
4.02883e-06
6.08961e-07
3.79763e-06
8.19619e-07
3.4909e-06
1.03244e-06
3.08496e-06
1.23722e-06
2.5535e-06
1.44007e-06
1.83155e-06
1.65272e-06
7.52405e-07
1.87e-06
-9.74856e-07
1.4114e-06
-8.35517e-06
5.22412e-06
-2.45995e-08
5.16581e-06
2.38061e-07
5.06487e-06
5.10501e-07
4.8974e-06
7.87195e-07
4.66371e-06
1.08029e-06
4.33518e-06
1.38323e-06
3.89535e-06
1.70773e-06
3.30516e-06
2.06518e-06
2.47757e-06
2.4996e-06
1.23018e-06
3.14205e-06
-7.95012e-07
3.60048e-06
-9.13918e-06
6.12432e-06
-2.51884e-08
6.07577e-06
2.89986e-07
5.97854e-06
6.1433e-07
5.82637e-06
9.58361e-07
5.59862e-06
1.32633e-06
5.27892e-06
1.73061e-06
4.83114e-06
2.17838e-06
4.20908e-06
2.70441e-06
3.33911e-06
3.40459e-06
2.03274e-06
4.48196e-06
7.00879e-08
5.55108e-06
-8.9201e-06
7.05232e-06
-2.54878e-08
7.01179e-06
3.30494e-07
6.93246e-06
7.02696e-07
6.8014e-06
1.10234e-06
6.60408e-06
1.54269e-06
6.31289e-06
2.03916e-06
5.89507e-06
2.61502e-06
5.30081e-06
3.32127e-06
4.42778e-06
4.2719e-06
3.10959e-06
5.80459e-06
1.07908e-06
7.68804e-06
-7.94839e-06
7.99063e-06
-2.63472e-08
7.96317e-06
3.60075e-07
7.90661e-06
7.67843e-07
7.8091e-06
1.21107e-06
7.65703e-06
1.70972e-06
7.42369e-06
2.28384e-06
7.0766e-06
2.97196e-06
6.55568e-06
3.84156e-06
5.78798e-06
5.05751e-06
4.62052e-06
6.96721e-06
3.11859e-06
9.10713e-06
-4.83186e-06
8.92696e-06
-2.94232e-08
8.91463e-06
3.74843e-07
8.88426e-06
8.04876e-07
8.8283e-06
1.27738e-06
8.73346e-06
1.81333e-06
8.58265e-06
2.44111e-06
8.34803e-06
3.21021e-06
7.98711e-06
4.20627e-06
7.42916e-06
5.59386e-06
6.66037e-06
7.72741e-06
5.49253e-06
1.02528e-05
4.82441e-07
9.84968e-06
-3.41441e-08
9.85345e-06
3.74463e-07
9.8513e-06
8.12835e-07
9.83868e-06
1.29762e-06
9.80801e-06
1.84728e-06
9.75495e-06
2.49527e-06
9.66874e-06
3.29075e-06
9.53354e-06
4.32998e-06
9.33127e-06
5.79465e-06
9.04908e-06
7.97329e-06
8.40208e-06
1.08022e-05
8.89608e-06
-1.04706e-06
1.06313e-06
-2.1354e-06
9.20713e-07
-2.65893e-06
5.81423e-07
-3.79526e-06
9.28428e-07
-4.61876e-06
9.09241e-07
-5.55746e-06
7.22882e-07
-5.94654e-06
4.99388e-07
-6.45817e-06
3.0908e-07
-6.50818e-06
1.77991e-07
-6.76062e-06
7.3369e-08
-6.63886e-06
1.7151e-08
-2.66027e-08
-6.76001e-06
-4.6734e-06
5.71472e-06
-5.88384e-06
2.09527e-06
-6.1458e-06
8.38421e-07
-5.69238e-06
4.48453e-07
-5.06135e-06
2.75952e-07
-4.50862e-06
1.44406e-07
-4.0514e-06
4.34087e-08
-3.7376e-06
-2.75566e-08
-3.48708e-06
-6.73884e-08
-3.34331e-06
-8.81295e-08
-3.22969e-06
-8.75453e-08
-7.63968e-08
-3.19153e-06
-1.17413e-06
6.87312e-06
-1.7321e-06
2.63764e-06
-1.48487e-06
5.8766e-07
-1.065e-06
1.80549e-08
-6.1916e-07
-1.72137e-07
-2.31692e-07
-2.52809e-07
9.5271e-08
-2.84308e-07
3.46361e-07
-2.8689e-07
5.4556e-07
-2.65481e-07
6.79988e-07
-2.28618e-07
7.73226e-07
-1.77796e-07
-1.1993e-07
8.13604e-07
-1.81819e-06
8.64383e-06
-5.91664e-07
1.3903e-06
1.33514e-07
-1.44527e-07
6.6476e-07
-5.20601e-07
1.10716e-06
-6.16205e-07
1.47735e-06
-6.28798e-07
1.78812e-06
-5.94468e-07
2.03587e-06
-5.3938e-07
2.23138e-06
-4.58616e-07
2.37006e-06
-3.70743e-07
2.46311e-06
-2.66768e-07
-1.64273e-07
2.50535e-06
-1.06817e-06
9.65811e-06
-3.46098e-08
3.2327e-07
8.46996e-07
-1.0468e-06
1.49822e-06
-1.17498e-06
1.99986e-06
-1.13712e-06
2.42133e-06
-1.04341e-06
2.75164e-06
-9.42169e-07
3.02995e-06
-8.05748e-07
3.22879e-06
-6.73383e-07
3.38759e-06
-5.14336e-07
3.47489e-06
-3.68448e-07
-2.01833e-07
3.53002e-06
-1.51365e-06
1.08769e-05
1.90366e-07
-1.46583e-06
1.3451e-06
-2.23241e-06
2.12657e-06
-1.9991e-06
2.73905e-06
-1.74796e-06
3.19747e-06
-1.54008e-06
3.58818e-06
-1.32116e-06
3.86538e-06
-1.11625e-06
4.10217e-06
-8.91186e-07
4.24337e-06
-6.83766e-07
4.35928e-06
-4.5997e-07
-2.55449e-07
4.39128e-06
-1.85846e-06
1.25982e-05
4.16834e-07
-3.83032e-06
1.86409e-06
-3.71514e-06
2.81816e-06
-2.98436e-06
3.50588e-06
-2.47705e-06
4.03759e-06
-2.08763e-06
4.43691e-06
-1.75094e-06
4.7474e-06
-1.43218e-06
4.96747e-06
-1.13229e-06
5.12952e-06
-8.41838e-07
5.22381e-06
-5.66051e-07
-2.94359e-07
5.27369e-06
-2.06466e-06
1.42637e-05
7.5968e-07
-6.70737e-06
2.49778e-06
-5.52037e-06
3.62225e-06
-4.14164e-06
4.40142e-06
-3.28367e-06
4.96549e-06
-2.67753e-06
5.37871e-06
-2.18362e-06
5.68031e-06
-1.74927e-06
5.89489e-06
-1.35667e-06
6.04253e-06
-9.95012e-07
6.1336e-06
-6.56938e-07
-3.34248e-07
6.17543e-06
-1.78483e-06
1.60348e-05
1.27933e-06
-9.83938e-06
3.34445e-06
-7.58538e-06
4.61159e-06
-5.44052e-06
5.44327e-06
-4.14129e-06
6.00909e-06
-3.26736e-06
6.40223e-06
-2.5957e-06
6.67569e-06
-2.03813e-06
6.86467e-06
-1.55555e-06
6.99115e-06
-1.12606e-06
7.06817e-06
-7.3434e-07
-3.66066e-07
7.10412e-06
-7.79482e-07
1.66826e-05
2.37172e-06
-1.29791e-05
4.54074e-06
-9.8092e-06
5.85616e-06
-6.76688e-06
6.65761e-06
-4.96141e-06
7.16615e-06
-3.79305e-06
7.49734e-06
-2.94202e-06
7.71684e-06
-2.2695e-06
7.86322e-06
-1.70863e-06
7.95864e-06
-1.22394e-06
8.0162e-06
-7.89833e-07
-3.87544e-07
8.04387e-06
2.67269e-06
1.41411e-05
4.7329e-06
-1.50538e-05
6.42006e-06
-1.14596e-05
7.45413e-06
-7.8169e-06
8.05963e-06
-5.58336e-06
8.42064e-06
-4.16903e-06
8.64204e-06
-3.17908e-06
8.78262e-06
-2.42159e-06
8.87221e-06
-1.80707e-06
8.92954e-06
-1.28419e-06
8.96348e-06
-8.23303e-07
-3.99615e-07
8.98093e-06
1.07314e-05
3.4076e-06
9.40136e-06
-1.36748e-05
9.23448e-06
-1.13216e-05
9.43569e-06
-8.01554e-06
9.61308e-06
-5.76313e-06
9.72937e-06
-4.29351e-06
9.80262e-06
-3.2598e-06
9.84695e-06
-2.47324e-06
9.87388e-06
-1.83769e-06
9.88923e-06
-1.3004e-06
9.8987e-06
-8.27968e-07
9.90468e-06
-3.98488e-07
-6.57242e-06
-4.45201e-08
-6.61668e-06
-7.67547e-08
-6.36689e-06
-1.11064e-07
-6.30715e-06
-1.68532e-07
-5.94999e-06
-2.41446e-07
-5.68381e-06
-3.58582e-07
-5.11876e-06
-4.91068e-07
-4.55095e-06
-5.88883e-07
-4.09808e-06
-3.9981e-07
-3.52552e-06
-5.33987e-07
-1.58539e-06
-1.87178e-06
-1.56307e-06
-3.16652e-06
-5.7063e-08
-3.21047e-06
-3.96224e-08
-3.28152e-06
-2.64986e-08
-3.42775e-06
-2.73931e-08
-3.61571e-06
-4.37721e-08
-3.89779e-06
-8.18007e-08
-4.24192e-06
-1.42168e-07
-4.58491e-06
-2.45205e-07
-4.52362e-06
-4.5319e-07
-3.97135e-06
-1.07032e-06
-2.98392e-06
-2.82045e-06
-4.54082e-06
8.18691e-07
-5.74193e-08
7.74714e-07
3.59813e-09
6.93969e-07
6.02952e-08
5.60119e-07
1.06421e-07
3.82117e-07
1.39875e-07
1.46931e-07
1.53644e-07
-1.31413e-07
1.39335e-07
-4.44313e-07
6.87891e-08
-7.60337e-07
-1.32144e-07
-1.132e-06
-6.82555e-07
-1.71917e-06
-2.22562e-06
-6.25776e-06
2.5065e-06
-5.27384e-08
2.45914e-06
5.11708e-08
2.36957e-06
1.56725e-07
2.22923e-06
2.49756e-07
2.04105e-06
3.3535e-07
1.79863e-06
3.9964e-07
1.50678e-06
4.40013e-07
1.1553e-06
4.25852e-07
7.3137e-07
3.032e-07
1.65859e-07
-1.13878e-07
-4.29971e-07
-1.62584e-06
-6.60168e-06
3.51901e-06
-5.23423e-08
3.47602e-06
1.12315e-07
3.36943e-06
2.60396e-07
3.2216e-06
4.16556e-07
3.0053e-06
5.55755e-07
2.7347e-06
6.92396e-07
2.38043e-06
8.0162e-07
1.93819e-06
8.84712e-07
1.34949e-06
9.03558e-07
4.83067e-07
7.63084e-07
-7.54063e-07
-2.3053e-07
-7.29394e-06
4.40126e-06
-3.59951e-08
4.33576e-06
1.68336e-07
4.23977e-06
3.86261e-07
4.06792e-06
5.95052e-07
3.84505e-06
8.14018e-07
3.53096e-06
1.02423e-06
3.1286e-06
1.23711e-06
2.59213e-06
1.44294e-06
1.86016e-06
1.66846e-06
7.78534e-07
1.95235e-06
-1.05962e-06
1.65783e-06
-7.96724e-06
5.26602e-06
-3.01476e-08
5.21594e-06
2.38282e-07
5.10825e-06
5.08586e-07
4.9459e-06
7.91432e-07
4.70806e-06
1.08301e-06
4.38478e-06
1.39174e-06
3.94233e-06
1.7144e-06
3.35612e-06
2.0793e-06
2.55309e-06
2.53346e-06
1.31602e-06
3.19349e-06
-4.26613e-07
3.86186e-06
-8.33864e-06
6.1726e-06
-1.77833e-08
6.12357e-06
2.99549e-07
6.02879e-06
6.29444e-07
5.8731e-06
9.74635e-07
5.64937e-06
1.34816e-06
5.32662e-06
1.75059e-06
4.88599e-06
2.20216e-06
4.27384e-06
2.72749e-06
3.40995e-06
3.42641e-06
2.19709e-06
4.56653e-06
3.40033e-07
5.67344e-06
-7.54689e-06
7.10207e-06
-7.98884e-09
7.06425e-06
3.53741e-07
6.98353e-06
7.31473e-07
6.85291e-06
1.13576e-06
6.65341e-06
1.57993e-06
6.36391e-06
2.07671e-06
5.94753e-06
2.65202e-06
5.35729e-06
3.35456e-06
4.52065e-06
4.30896e-06
3.23439e-06
5.789e-06
1.67788e-06
7.61443e-06
-6.06833e-06
8.04451e-06
6.8062e-10
8.01979e-06
3.9532e-07
7.96097e-06
8.09091e-07
7.86342e-06
1.26006e-06
7.70653e-06
1.76031e-06
7.47376e-06
2.33833e-06
7.1239e-06
3.02441e-06
6.60559e-06
3.89104e-06
5.81905e-06
5.09238e-06
4.68771e-06
7.03002e-06
3.0709e-06
8.99396e-06
-2.94802e-06
8.98564e-06
5.85583e-09
8.97476e-06
4.20342e-07
8.94361e-06
8.58632e-07
8.88386e-06
1.33872e-06
8.78557e-06
1.87836e-06
8.63062e-06
2.51001e-06
8.3907e-06
3.27775e-06
8.01895e-06
4.27406e-06
7.45559e-06
5.66937e-06
6.59432e-06
7.78268e-06
5.27282e-06
1.03659e-05
2.1551e-06
9.91404e-06
8.36039e-09
9.91809e-06
4.2775e-07
9.9149e-06
8.77097e-07
9.89638e-06
1.36771e-06
9.86203e-06
1.92416e-06
9.80164e-06
2.5741e-06
9.70976e-06
3.37337e-06
9.56284e-06
4.41242e-06
9.32363e-06
5.87887e-06
8.995e-06
8.10574e-06
8.17109e-06
1.10295e-05
1.02356e-05
1.72474e-05
-2.75333e-06
-1.19451e-05
1.42638e-05
-1.08231e-05
1.23427e-05
-9.41436e-06
1.1515e-05
-7.19426e-06
1.1176e-05
-5.42945e-06
1.10204e-05
-4.14745e-06
1.09357e-05
-3.18862e-06
1.088e-05
-2.43628e-06
1.08362e-05
-1.81835e-06
1.07985e-05
-1.29475e-06
1.07683e-05
-8.3796e-07
-4.30575e-07
1.07507e-05
1.97157e-05
-2.24048e-06
-2.01859e-05
1.63788e-05
-7.41197e-06
1.42517e-05
-7.24053e-06
1.31125e-05
-6.02385e-06
1.25189e-05
-4.81813e-06
1.21936e-05
-3.8089e-06
1.19979e-05
-2.98533e-06
1.18687e-05
-2.30182e-06
1.17739e-05
-1.72334e-06
1.17009e-05
-1.22439e-06
1.16455e-05
-7.88768e-07
-4.02107e-07
1.16131e-05
1.93239e-05
-1.5199e-06
-2.00011e-05
1.70645e-05
-5.09418e-06
1.53567e-05
-5.489e-06
1.42836e-05
-4.92164e-06
1.36359e-05
-4.15138e-06
1.32376e-05
-3.39805e-06
1.29802e-05
-2.71976e-06
1.28026e-05
-2.11965e-06
1.26706e-05
-1.59084e-06
1.25677e-05
-1.12562e-06
1.24889e-05
-7.14589e-07
-3.52161e-07
1.24365e-05
1.87948e-05
-1.92338e-05
-1.0471e-06
1.73395e-05
-3.5883e-06
1.60754e-05
-4.17982e-06
1.51748e-05
-3.98826e-06
1.45692e-05
-3.52006e-06
1.41627e-05
-2.97324e-06
1.38833e-05
-2.42522e-06
1.36808e-05
-1.90676e-06
1.35243e-05
-1.42816e-06
1.33972e-05
-9.96709e-07
1.32916e-05
-6.09238e-07
1.32059e-05
-2.71948e-07
1.07608e-05
-6.11981e-08
1.0782e-05
3.38079e-07
1.08086e-05
7.72682e-07
1.08375e-05
1.2522e-06
1.08706e-05
1.79358e-06
1.09146e-05
2.423e-06
1.09895e-05
3.18183e-06
1.11395e-05
4.14032e-06
1.14612e-05
5.41792e-06
1.21613e-05
7.20709e-06
1.35222e-05
9.38294e-06
1.11879e-05
1.15027e-05
1.16335e-05
-8.26889e-08
1.16718e-05
3.01129e-07
1.17222e-05
7.24138e-07
1.17848e-05
1.18821e-06
1.18664e-05
1.70688e-06
1.19823e-05
2.29602e-06
1.21666e-05
2.98203e-06
1.2487e-05
3.80043e-06
1.30815e-05
4.80212e-06
1.42272e-05
6.03256e-06
1.62717e-05
7.28989e-06
7.39188e-06
2.00995e-05
1.24764e-05
-1.27311e-07
1.25333e-05
2.42577e-07
1.26041e-05
6.5156e-07
1.26932e-05
1.09607e-06
1.28084e-05
1.58391e-06
1.29695e-05
2.12338e-06
1.32114e-05
2.72383e-06
1.35997e-05
3.39385e-06
1.42521e-05
4.1303e-06
1.537e-05
4.88422e-06
1.72273e-05
5.41675e-06
4.62707e-06
2.00002e-05
1.32861e-05
-2.08364e-07
1.33682e-05
1.59301e-07
1.34593e-05
5.58177e-07
1.35683e-05
9.82203e-07
1.37056e-05
1.43751e-06
1.38907e-05
1.9252e-06
1.41557e-05
2.44263e-06
1.45524e-05
2.98001e-06
1.51617e-05
3.50151e-06
1.61106e-05
3.92536e-06
1.75286e-05
3.98471e-06
1.92546e-05
2.91643e-06
1.72496e-05
-2.88935e-06
1.42633e-05
-1.10707e-05
1.23344e-05
-9.66134e-06
1.14999e-05
-7.44038e-06
1.11651e-05
-5.65724e-06
1.10132e-05
-4.36177e-06
1.09323e-05
-3.38978e-06
1.08805e-05
-2.62566e-06
1.08457e-05
-1.99575e-06
1.08225e-05
-1.45915e-06
1.08101e-05
-9.86608e-07
-5.57425e-07
1.08088e-05
1.97211e-05
-2.48136e-06
1.63928e-05
-7.66643e-06
1.42405e-05
-7.51507e-06
1.31045e-05
-6.26661e-06
1.25145e-05
-5.04887e-06
1.21934e-05
-4.02956e-06
1.20009e-05
-3.19536e-06
1.18762e-05
-2.5012e-06
1.17906e-05
-1.91098e-06
1.1733e-05
-1.39962e-06
1.16979e-05
-9.46631e-07
-5.33431e-07
1.16859e-05
1.93414e-05
-1.77527e-06
1.70665e-05
-5.35669e-06
1.53566e-05
-5.72682e-06
1.428e-05
-5.16493e-06
1.3636e-05
-4.38791e-06
1.32423e-05
-3.62664e-06
1.29884e-05
-2.94073e-06
1.2816e-05
-2.33107e-06
1.26936e-05
-1.79283e-06
1.26083e-05
-1.31604e-06
1.25535e-05
-8.9147e-07
-5.07819e-07
1.25255e-05
1.88132e-05
-1.29878e-06
1.73487e-05
-3.84005e-06
1.60698e-05
-4.43982e-06
1.51729e-05
-4.22852e-06
1.45723e-05
-3.75509e-06
1.41706e-05
-3.20411e-06
1.38957e-05
-2.65097e-06
1.36986e-05
-2.12636e-06
1.3553e-05
-1.64134e-06
1.34448e-05
-1.20421e-06
1.33669e-05
-8.1185e-07
1.33226e-05
-4.48901e-07
1.08268e-05
-1.55696e-07
1.08497e-05
2.71012e-07
1.08725e-05
7.28074e-07
1.08954e-05
1.22465e-06
1.09207e-05
1.78065e-06
1.0957e-05
2.42109e-06
1.10217e-05
3.18983e-06
1.1157e-05
4.15606e-06
1.14577e-05
5.4436e-06
1.21176e-05
7.23675e-06
1.34293e-05
9.44665e-06
1.1264e-05
1.15188e-05
1.17125e-05
-1.71437e-07
1.17504e-05
2.45136e-07
1.17946e-05
6.91633e-07
1.18497e-05
1.1748e-06
1.19217e-05
1.70664e-06
1.20289e-05
2.30808e-06
1.22021e-05
3.00284e-06
1.25081e-05
3.83004e-06
1.30765e-05
4.83888e-06
1.41897e-05
6.08312e-06
1.62108e-05
7.36212e-06
7.47032e-06
2.00069e-05
1.25693e-05
-2.04128e-07
1.26222e-05
2.02688e-07
1.26849e-05
6.35868e-07
1.27637e-05
1.09806e-06
1.28689e-05
1.59876e-06
1.30195e-05
2.14868e-06
1.32505e-05
2.75784e-06
1.36239e-05
3.43583e-06
1.42533e-05
4.17947e-06
1.5341e-05
4.9469e-06
1.71691e-05
5.49775e-06
4.73426e-06
1.99105e-05
1.33945e-05
-2.67783e-07
1.34668e-05
1.37722e-07
1.35465e-05
5.59838e-07
1.36431e-05
9.98295e-07
1.37693e-05
1.46479e-06
1.39434e-05
1.96023e-06
1.41973e-05
2.48536e-06
1.45795e-05
3.02871e-06
1.51689e-05
3.55911e-06
1.60895e-05
3.99074e-06
1.74822e-05
4.07584e-06
1.91826e-05
3.03327e-06
1.71407e-05
-2.7536e-06
1.42035e-05
-1.0769e-05
1.23027e-05
-9.38543e-06
1.14862e-05
-7.17855e-06
1.11537e-05
-5.41821e-06
1.10025e-05
-4.13753e-06
1.0921e-05
-3.1793e-06
1.08677e-05
-2.42713e-06
1.08257e-05
-1.80902e-06
1.0789e-05
-1.2846e-06
1.0759e-05
-8.26277e-07
-4.16867e-07
1.07411e-05
1.96048e-05
-2.30758e-06
1.63148e-05
-7.40888e-06
1.42097e-05
-7.23581e-06
1.30821e-05
-6.02076e-06
1.24958e-05
-4.81424e-06
1.21756e-05
-3.80371e-06
1.19834e-05
-2.97906e-06
1.18569e-05
-2.29483e-06
1.17641e-05
-1.71562e-06
1.16923e-05
-1.21532e-06
1.16375e-05
-7.77571e-07
-3.8767e-07
1.16046e-05
1.92438e-05
-1.60017e-06
1.70109e-05
-5.1208e-06
1.53186e-05
-5.50166e-06
1.42547e-05
-4.9285e-06
1.36134e-05
-4.15387e-06
1.32199e-05
-3.39741e-06
1.29663e-05
-2.71666e-06
1.27916e-05
-2.11495e-06
1.26617e-05
-1.58476e-06
1.25602e-05
-1.1179e-06
1.24824e-05
-7.03955e-07
-3.36224e-07
1.24294e-05
1.87417e-05
-1.12427e-06
1.72977e-05
-3.62855e-06
1.60428e-05
-4.20344e-06
1.51488e-05
-4.00252e-06
1.45483e-05
-3.52797e-06
1.41462e-05
-2.9767e-06
1.38703e-05
-2.42536e-06
1.36707e-05
-1.90456e-06
1.35164e-05
-1.4241e-06
1.33912e-05
-9.90757e-07
1.32873e-05
-5.99785e-07
1.32004e-05
-2.5497e-07
1.07505e-05
-4.56097e-08
1.07705e-05
3.55804e-07
1.07959e-05
7.92255e-07
1.08232e-05
1.2736e-06
1.08542e-05
1.81712e-06
1.08958e-05
2.44939e-06
1.09671e-05
3.21179e-06
1.11119e-05
4.17474e-06
1.14249e-05
5.45727e-06
1.21167e-05
7.25623e-06
1.34473e-05
9.44972e-06
1.11519e-05
1.11409e-05
1.16244e-05
-6.56876e-08
1.16614e-05
3.2108e-07
1.17105e-05
7.46284e-07
1.17718e-05
1.21251e-06
1.18517e-05
1.73408e-06
1.19654e-05
2.32696e-06
1.21466e-05
3.01795e-06
1.24618e-05
3.84243e-06
1.30499e-05
4.85317e-06
1.41862e-05
6.09195e-06
1.62308e-05
7.3672e-06
7.44881e-06
1.99479e-05
1.24686e-05
-1.09056e-07
1.25243e-05
2.64699e-07
1.2594e-05
6.75981e-07
1.26819e-05
1.1229e-06
1.27958e-05
1.61425e-06
1.2955e-05
2.15827e-06
1.31946e-05
2.7648e-06
1.35793e-05
3.44211e-06
1.42261e-05
4.1877e-06
1.534e-05
4.95613e-06
1.71904e-05
5.50068e-06
4.72142e-06
1.9916e-05
1.32799e-05
-1.88637e-07
1.33603e-05
1.83871e-07
1.34504e-05
5.8449e-07
1.35586e-05
1.01097e-06
1.3695e-05
1.47009e-06
1.38791e-05
1.96295e-06
1.41425e-05
2.4868e-06
1.45368e-05
3.03199e-06
1.51436e-05
3.56436e-06
1.60882e-05
3.99766e-06
1.75008e-05
4.07419e-06
1.92048e-05
3.0231e-06
1.7179e-05
-2.57516e-06
1.42323e-05
-1.07105e-05
1.23239e-05
-9.36601e-06
1.14974e-05
-7.18726e-06
1.11632e-05
-5.43039e-06
1.10126e-05
-4.14942e-06
1.09338e-05
-3.18831e-06
1.08846e-05
-2.43266e-06
1.08511e-05
-1.80979e-06
1.08272e-05
-1.27889e-06
1.08115e-05
-8.11137e-07
-3.88364e-07
1.08058e-05
1.96344e-05
-2.25392e-06
1.63473e-05
-7.38169e-06
1.42242e-05
-7.25098e-06
1.30935e-05
-6.03768e-06
1.25061e-05
-4.83516e-06
1.21873e-05
-3.82567e-06
1.19979e-05
-2.99933e-06
1.18764e-05
-2.31165e-06
1.17929e-05
-1.72685e-06
1.1735e-05
-1.21877e-06
1.16959e-05
-7.67813e-07
-3.58869e-07
1.16782e-05
1.92734e-05
-1.5882e-06
1.70325e-05
-5.1244e-06
1.53351e-05
-5.51068e-06
1.4265e-05
-4.95526e-06
1.36237e-05
-4.18562e-06
1.32326e-05
-3.43065e-06
1.29823e-05
-2.74988e-06
1.28136e-05
-2.14522e-06
1.26942e-05
-1.61029e-06
1.26089e-05
-1.13387e-06
1.25492e-05
-7.07218e-07
-3.2448e-07
1.25123e-05
1.87684e-05
-1.13647e-06
1.73195e-05
-3.64742e-06
1.60522e-05
-4.24062e-06
1.51569e-05
-4.0396e-06
1.45579e-05
-3.56929e-06
1.41589e-05
-3.02059e-06
1.38875e-05
-2.4701e-06
1.36947e-05
-1.94801e-06
1.35531e-05
-1.46387e-06
1.34456e-05
-1.02393e-06
1.33614e-05
-6.21852e-07
1.33033e-05
-2.50049e-07
1.08202e-05
3.92703e-09
1.08408e-05
4.19271e-07
1.08624e-05
8.6641e-07
1.08843e-05
1.35443e-06
1.09088e-05
1.9038e-06
1.0944e-05
2.5392e-06
1.10069e-05
3.30449e-06
1.11381e-05
4.2693e-06
1.14314e-05
5.56239e-06
1.20803e-05
7.37667e-06
1.34029e-05
9.6494e-06
1.16935e-05
1.17005e-05
-9.15284e-09
1.17366e-05
3.93304e-07
1.17801e-05
8.2772e-07
1.18353e-05
1.30165e-06
1.19072e-05
1.82654e-06
1.20145e-05
2.42356e-06
1.2187e-05
3.1155e-06
1.24914e-05
3.94231e-06
1.30568e-05
4.95615e-06
1.41711e-05
6.2177e-06
1.6211e-05
7.5353e-06
7.72119e-06
1.25512e-05
-3.49451e-08
1.26031e-05
3.52434e-07
1.26663e-05
7.70118e-07
1.27462e-05
1.22181e-06
1.28524e-05
1.71527e-06
1.3004e-05
2.26104e-06
1.32357e-05
2.8677e-06
1.36094e-05
3.54554e-06
1.42394e-05
4.29303e-06
1.53309e-05
5.0712e-06
1.71816e-05
5.6451e-06
4.90301e-06
1.33691e-05
-9.33119e-08
1.34417e-05
2.85347e-07
1.35239e-05
6.89176e-07
1.36228e-05
1.11618e-06
1.37513e-05
1.5758e-06
1.39272e-05
2.06725e-06
1.41831e-05
2.59041e-06
1.45668e-05
3.13346e-06
1.51584e-05
3.66645e-06
1.60847e-05
4.1051e-06
1.74937e-05
4.19976e-06
3.16199e-06
2.99893e-06
-7.04396e-07
-3.31523e-06
2.02805e-06
-2.57517e-06
1.11012e-06
-3.22409e-06
3.99489e-07
-3.24776e-06
-1.18002e-07
-2.98025e-06
-4.89463e-07
-2.58494e-06
-7.60148e-07
-2.14186e-06
-9.66413e-07
-1.69138e-06
-1.1358e-06
-1.25392e-06
-1.28582e-06
-8.45853e-07
-1.43097e-06
-4.65496e-07
-1.27204e-07
-1.56794e-06
2.31881e-06
-4.69599e-07
-2.53095e-06
1.66888e-06
-1.88892e-06
9.97915e-07
-2.51902e-06
4.3528e-07
-2.65535e-06
-4.08466e-09
-2.5174e-06
-3.37998e-07
-2.23123e-06
-5.93546e-07
-1.87061e-06
-7.97283e-07
-1.47481e-06
-9.76077e-07
-1.06673e-06
-1.15587e-06
-6.61043e-07
-1.37375e-06
-2.39145e-07
1.14952e-07
-1.62784e-06
1.83515e-06
-3.1627e-07
-1.97103e-06
1.39155e-06
-1.41665e-06
8.94101e-07
-1.99248e-06
4.46139e-07
-2.18241e-06
7.56815e-08
-2.12618e-06
-2.1975e-07
-1.91911e-06
-4.54357e-07
-1.62247e-06
-6.4801e-07
-1.27065e-06
-8.27101e-07
-8.807e-07
-1.03305e-06
-4.50211e-07
-1.37154e-06
9.72678e-08
5.53037e-07
-1.79253e-06
1.48337e-06
-1.56939e-06
-2.13869e-07
1.17299e-06
-1.08273e-06
7.98214e-07
-1.59304e-06
4.39765e-07
-1.80192e-06
1.28869e-07
-1.79579e-06
-1.28635e-07
-1.64539e-06
-3.38222e-07
-1.39866e-06
-5.12849e-07
-1.0846e-06
-6.73273e-07
-7.11886e-07
-8.6483e-07
-2.54177e-07
-1.24962e-06
4.92498e-07
-1.74502e-06
1.03225e-06
-1.41013e-06
-3.7785e-07
-1.28403e-06
2.59641e-08
-1.16884e-06
4.38041e-07
-1.04294e-06
8.49217e-07
-8.89974e-07
1.27521e-06
-6.90513e-07
1.71245e-06
-4.16141e-07
2.15329e-06
-2.90046e-08
2.57643e-06
5.24167e-07
2.93795e-06
1.29574e-06
3.13232e-06
2.31368e-06
2.96679e-06
1.90969e-06
3.33665e-06
-1.33652e-06
-6.68458e-07
-1.13847e-06
-1.76634e-07
-9.97645e-07
2.92803e-07
-8.62185e-07
7.0776e-07
-7.0646e-07
1.11071e-06
-5.09182e-07
1.50427e-06
-2.47731e-07
1.87926e-06
1.05376e-07
2.21222e-06
5.76623e-07
2.45392e-06
1.19052e-06
2.52289e-06
1.91742e-06
2.23792e-06
1.28975e-06
2.54936e-06
-1.30993e-06
-1.1762e-06
-1.00454e-06
-4.9021e-07
-8.43943e-07
1.25477e-07
-7.08587e-07
5.65252e-07
-5.59039e-07
9.51427e-07
-3.73296e-07
1.30761e-06
-1.33795e-07
1.62734e-06
1.7712e-07
1.8898e-06
5.7423e-07
2.05119e-06
1.05351e-06
2.02929e-06
1.5805e-06
1.71765e-06
9.03023e-07
1.98531e-06
-1.15933e-06
-1.75651e-06
-8.28597e-07
-8.25397e-07
-6.89963e-07
-1.64497e-08
-5.71933e-07
4.42393e-07
-4.36682e-07
8.10391e-07
-2.68128e-07
1.1319e-06
-5.37636e-08
1.40629e-06
2.16128e-07
1.6145e-06
5.44758e-07
1.71687e-06
9.25462e-07
1.65887e-06
1.31097e-06
1.33419e-06
1.57889e-06
6.45131e-07
3.01574e-06
-9.43917e-07
2.02847e-06
-2.82272e-06
1.10862e-06
-3.45727e-06
3.98291e-07
-3.48865e-06
-1.13522e-07
-3.21803e-06
-4.79533e-07
-2.82092e-06
-7.44992e-07
-2.37462e-06
-9.45355e-07
-1.92149e-06
-1.10328e-06
-1.48175e-06
-1.23183e-06
-1.07569e-06
-1.3367e-06
-7.05218e-07
-3.91668e-07
-1.41342e-06
2.33275e-06
-6.98285e-07
1.67256e-06
-2.12665e-06
9.91966e-07
-2.76655e-06
4.34638e-07
-2.89016e-06
8.29846e-10
-2.75081e-06
-3.27026e-07
-2.46417e-06
-5.77635e-07
-2.10321e-06
-7.75582e-07
-1.70762e-06
-9.43409e-07
-1.30278e-06
-1.09868e-06
-9.12658e-07
-1.26609e-06
-5.482e-07
-2.43881e-07
-1.38443e-06
1.84634e-06
-5.34765e-07
1.39079e-06
-1.64735e-06
8.91692e-07
-2.21776e-06
4.45577e-07
-2.41588e-06
8.04973e-08
-2.3601e-06
-2.08974e-07
-2.15282e-06
-4.38992e-07
-1.85762e-06
-6.27882e-07
-1.50756e-06
-7.98116e-07
-1.12612e-06
-9.81367e-07
-7.29006e-07
-1.22985e-06
-2.86908e-07
-1.13875e-07
-1.39464e-06
1.4912e-06
-4.24485e-07
1.17345e-06
-1.30539e-06
7.92676e-07
-1.82589e-06
4.38753e-07
-2.02763e-06
1.33496e-07
-2.02118e-06
-1.18663e-07
-1.87211e-06
-3.23931e-07
-1.62713e-06
-4.95785e-07
-1.31645e-06
-6.51747e-07
-9.54516e-07
-8.23852e-07
-5.42603e-07
-1.11554e-06
-8.52708e-09
-9.92786e-07
-1.77534e-07
-1.28245e-06
-3.78166e-07
-1.17651e-06
4.21711e-08
-1.07801e-06
4.64329e-07
-9.65923e-07
8.8397e-07
-8.25289e-07
1.31641e-06
-6.36709e-07
1.75942e-06
-3.73852e-07
2.20527e-06
-6.71165e-11
2.63383e-06
5.32689e-07
3.00026e-06
1.28292e-06
3.2108e-06
2.27639e-06
3.05902e-06
2.03306e-06
3.28355e-06
-1.1832e-06
-5.76124e-07
-1.02346e-06
-1.08186e-07
-9.04556e-07
3.46215e-07
-7.84439e-07
7.58739e-07
-6.41111e-07
1.16226e-06
-4.54824e-07
1.5586e-06
-2.04349e-07
1.93643e-06
1.35434e-07
2.27332e-06
5.90758e-07
2.52165e-06
1.18231e-06
2.59621e-06
1.89136e-06
2.33708e-06
1.4147e-06
2.50984e-06
-1.11893e-06
-8.11288e-07
-8.85647e-07
-3.29291e-07
-7.51755e-07
2.1478e-07
-6.3202e-07
6.35241e-07
-4.94078e-07
1.01599e-06
-3.19021e-07
1.37089e-06
-8.9817e-08
1.69198e-06
2.09011e-07
1.95633e-06
5.90017e-07
2.12134e-06
1.05379e-06
2.11397e-06
1.56285e-06
1.81356e-06
1.02684e-06
1.95719e-06
-9.60479e-07
-8.38756e-07
-7.18242e-07
-5.64114e-07
-6.03485e-07
1.00263e-07
-4.98371e-07
5.24416e-07
-3.73454e-07
8.81599e-07
-2.14433e-07
1.19947e-06
-9.97621e-09
1.47337e-06
2.48713e-07
1.68284e-06
5.64865e-07
1.79019e-06
9.28936e-07
1.73656e-06
1.30181e-06
1.43646e-06
1.56001e-06
7.69121e-07
2.96259e-06
-7.78139e-07
1.99598e-06
-2.62163e-06
1.08311e-06
-3.25414e-06
3.77018e-07
-3.26717e-06
-1.36453e-07
-2.99226e-06
-5.04331e-07
-2.59164e-06
-7.71845e-07
-2.14465e-06
-9.7546e-07
-1.69122e-06
-1.14279e-06
-1.25156e-06
-1.29076e-06
-8.41624e-07
-1.43365e-06
-4.57933e-07
-1.07349e-07
-1.57117e-06
2.29354e-06
-5.37622e-07
1.64425e-06
-1.93723e-06
9.75799e-07
-2.55268e-06
4.16176e-07
-2.67844e-06
-2.01093e-08
-2.53268e-06
-3.51091e-07
-2.24079e-06
-6.03879e-07
-1.87584e-06
-8.05291e-07
-1.4767e-06
-9.82241e-07
-1.06607e-06
-1.16029e-06
-6.58379e-07
-1.37531e-06
-2.3288e-07
1.3196e-07
-1.6275e-06
1.81709e-06
-3.80678e-07
1.37264e-06
-1.46521e-06
8.76196e-07
-2.02799e-06
4.30139e-07
-2.20783e-06
6.19717e-08
-2.14372e-06
-2.31083e-07
-1.93075e-06
-4.63339e-07
-1.62946e-06
-6.5495e-07
-1.27404e-06
-8.32506e-07
-8.81033e-07
-1.03754e-06
-4.47803e-07
-1.37531e-06
1.03139e-07
5.53955e-07
-1.77575e-06
1.47063e-06
-2.73415e-07
1.15864e-06
-1.13016e-06
7.8393e-07
-1.62931e-06
4.26608e-07
-1.82887e-06
1.17332e-07
-1.8152e-06
-1.38257e-07
-1.65887e-06
-3.45883e-07
-1.40747e-06
-5.18655e-07
-1.08956e-06
-6.77749e-07
-7.13484e-07
-8.69355e-07
-2.51548e-07
-1.25644e-06
5.0332e-07
-1.64076e-06
9.2132e-07
-1.41533e-06
-3.5659e-07
-1.29131e-06
5.28471e-08
-1.17663e-06
4.65501e-07
-1.05094e-06
8.79112e-07
-8.98394e-07
1.30935e-06
-6.9943e-07
1.75231e-06
-4.25865e-07
2.19984e-06
-3.99783e-08
2.63123e-06
5.10387e-07
3.00174e-06
1.28096e-06
3.21064e-06
2.29425e-06
3.05605e-06
2.01612e-06
3.30671e-06
-1.3421e-06
-6.40312e-07
-1.14573e-06
-1.47852e-07
-1.00432e-06
3.20194e-07
-8.68401e-07
7.37741e-07
-7.12515e-07
1.14549e-06
-5.15344e-07
1.54495e-06
-2.54052e-07
1.92681e-06
9.8079e-08
2.2675e-06
5.68665e-07
2.51906e-06
1.18004e-06
2.59613e-06
1.9045e-06
2.32639e-06
1.39407e-06
2.531e-06
-1.31928e-06
-1.12359e-06
-1.01225e-06
-4.63205e-07
-8.49451e-07
1.50876e-07
-7.12968e-07
5.94527e-07
-5.62903e-07
9.86322e-07
-3.76899e-07
1.34878e-06
-1.37249e-07
1.6755e-06
1.73407e-07
1.94549e-06
5.6919e-07
2.115e-06
1.04817e-06
2.10522e-06
1.57272e-06
1.80216e-06
1.00029e-06
1.97396e-06
-1.17258e-06
-1.58397e-06
-8.35427e-07
-8.04498e-07
-6.9368e-07
6.0665e-09
-5.74317e-07
4.70576e-07
-4.38436e-07
8.44735e-07
-2.69374e-07
1.17265e-06
-5.47154e-08
1.45368e-06
2.15066e-07
1.66893e-06
5.43563e-07
1.77949e-06
9.22649e-07
1.72783e-06
1.30695e-06
1.41583e-06
1.57286e-06
7.38131e-07
2.98708e-06
-8.00958e-07
2.00966e-06
-2.65582e-06
1.09203e-06
-3.29031e-06
3.83502e-07
-3.31501e-06
-1.2771e-07
-3.04425e-06
-4.91668e-07
-2.64714e-06
-7.53777e-07
-2.2021e-06
-9.49254e-07
-1.75012e-06
-1.10206e-06
-1.31028e-06
-1.22818e-06
-8.97482e-07
-1.34097e-06
-5.07139e-07
-1.73307e-07
-1.44406e-06
2.31373e-06
-5.7068e-07
1.65673e-06
-1.98071e-06
9.80071e-07
-2.60846e-06
4.21003e-07
-2.73433e-06
-1.27376e-08
-2.59256e-06
-3.39282e-07
-2.30446e-06
-5.86584e-07
-1.94308e-06
-7.79248e-07
-1.54776e-06
-9.39992e-07
-1.14184e-06
-1.08984e-06
-7.42604e-07
-1.26862e-06
-3.46277e-07
2.77919e-08
-1.4345e-06
1.83352e-06
-4.19421e-07
1.38047e-06
-1.51705e-06
8.80225e-07
-2.08363e-06
4.33553e-07
-2.2722e-06
6.79741e-08
-2.21248e-06
-2.20687e-07
-2.00332e-06
-4.47699e-07
-1.70718e-06
-6.31016e-07
-1.35791e-06
-7.92584e-07
-9.76752e-07
-9.67135e-07
-5.71252e-07
-1.22286e-06
-7.86492e-08
2.5898e-07
-1.50364e-06
1.48284e-06
-3.19478e-07
1.16497e-06
-1.18787e-06
7.84995e-07
-1.69728e-06
4.28545e-07
-1.89826e-06
1.22027e-07
-1.88809e-06
-1.29705e-07
-1.73619e-06
-3.32606e-07
-1.49018e-06
-4.99112e-07
-1.18037e-06
-6.46035e-07
-8.20271e-07
-8.05679e-07
-4.02255e-07
-1.09985e-06
1.91241e-07
-1.3094e-06
5.26428e-07
-1.31691e-06
-1.93685e-07
-1.20793e-06
1.88399e-07
-1.10469e-06
5.88061e-07
-9.88546e-07
9.9565e-07
-8.44505e-07
1.42183e-06
-6.53032e-07
1.86124e-06
-3.87435e-07
2.30551e-06
-1.11127e-08
2.73362e-06
5.24865e-07
3.10157e-06
1.28055e-06
3.31521e-06
2.28692e-06
3.16811e-06
2.13739e-06
-1.22937e-06
-3.98948e-07
-1.06156e-06
2.95375e-08
-9.3516e-07
4.59654e-07
-8.09061e-07
8.6103e-07
-6.6133e-07
1.25947e-06
-4.71373e-07
1.65339e-06
-2.17738e-07
2.03009e-06
1.25153e-07
2.36675e-06
5.83917e-07
2.61567e-06
1.18091e-06
2.69157e-06
1.89886e-06
2.43207e-06
1.50505e-06
-1.17617e-06
-6.72194e-07
-9.29633e-07
-2.02657e-07
-7.85298e-07
3.16714e-07
-6.57977e-07
7.28085e-07
-5.14786e-07
1.10566e-06
-3.35659e-07
1.45959e-06
-1.03038e-07
1.78008e-06
1.99079e-07
2.04439e-06
5.83619e-07
2.20927e-06
1.05197e-06
2.20162e-06
1.56828e-06
1.90014e-06
1.10593e-06
-1.03155e-06
-9.55222e-07
-7.66666e-07
-4.61841e-07
-6.38392e-07
1.85666e-07
-5.24736e-07
6.04679e-07
-3.94083e-07
9.61784e-07
-2.30955e-07
1.28023e-06
-2.29781e-08
1.55461e-06
2.38892e-07
1.76419e-06
5.58429e-07
1.87129e-06
9.26678e-07
1.81684e-06
1.3047e-06
1.51374e-06
8.41379e-07
1.2213e-06
-1.46481e-07
-1.27758e-06
9.98694e-07
-8.41121e-07
7.12044e-07
-1.28587e-06
4.23785e-07
-1.4943e-06
1.63498e-07
-1.51876e-06
-5.82251e-08
-1.409e-06
-2.41173e-07
-1.20378e-06
-3.89728e-07
-9.2614e-07
-5.09089e-07
-5.86176e-07
-5.9444e-07
-1.64328e-07
-6.48935e-07
5.44131e-07
3.9687e-07
1.02259e-06
-9.84204e-08
-1.06019e-06
8.58804e-07
-6.62234e-07
6.36453e-07
-1.04742e-06
4.03148e-07
-1.24582e-06
1.85562e-07
-1.2873e-06
-4.10088e-09
-1.20742e-06
-1.61394e-07
-1.03584e-06
-2.85143e-07
-7.93928e-07
-3.71561e-07
-4.93464e-07
-3.97379e-07
-1.36313e-07
-2.29566e-07
3.80458e-07
1.48154e-07
8.69063e-07
-6.51742e-08
-8.95643e-07
7.45744e-07
-5.26756e-07
5.7104e-07
-8.59132e-07
3.81177e-07
-1.04188e-06
1.99044e-07
-1.09294e-06
3.75333e-08
-1.03419e-06
-9.71752e-08
-8.92117e-07
-2.00257e-07
-6.8271e-07
-2.66505e-07
-4.22802e-07
-2.78158e-07
-1.22189e-07
-1.65076e-07
2.62245e-07
-1.48815e-08
7.4914e-07
-3.92408e-08
-7.6824e-07
6.5409e-07
-4.23e-07
5.15252e-07
-7.10404e-07
3.59482e-07
-8.77097e-07
2.06912e-07
-9.31426e-07
6.90978e-08
-8.89174e-07
-4.59836e-08
-7.70012e-07
-1.32921e-07
-5.90709e-07
-1.85439e-07
-3.66438e-07
-1.919e-07
-1.15008e-07
-1.09238e-07
1.79465e-07
-1.4166e-07
6.54541e-07
-2.18212e-08
-6.69502e-07
5.80032e-07
-3.40988e-07
4.68187e-07
-5.91065e-07
3.3974e-07
-7.38875e-07
2.11056e-07
-7.95564e-07
9.34229e-08
-7.6286e-07
-5.67805e-09
-6.65572e-07
-7.97044e-08
-5.10696e-07
-1.23136e-07
-3.20691e-07
-1.27009e-07
-1.09881e-07
-6.57002e-08
1.13635e-07
-2.11475e-07
5.82831e-07
-6.60087e-09
-5.94431e-07
5.22762e-07
-2.76716e-07
4.31519e-07
-4.94922e-07
3.23659e-07
-6.26553e-07
2.14488e-07
-6.82128e-07
1.12306e-07
-6.5699e-07
2.65294e-08
-5.76715e-07
-3.8454e-08
-4.42991e-07
-7.54587e-08
-2.82335e-07
-7.97225e-08
-1.05315e-07
-3.27421e-08
6.54772e-08
-2.54377e-07
5.37071e-07
4.31593e-09
-5.47336e-07
4.87241e-07
-2.24146e-07
4.10102e-07
-4.13103e-07
3.16842e-07
-5.29817e-07
2.21423e-07
-5.8151e-07
1.29799e-07
-5.63131e-07
5.34157e-08
-4.95897e-07
-6.36394e-09
-3.82845e-07
-3.94335e-08
-2.46775e-07
-4.60604e-08
-1.00672e-07
-1.05913e-08
2.73294e-08
-2.76165e-07
5.31813e-07
1.45252e-08
-5.41446e-07
4.87613e-07
-1.77612e-07
4.17071e-07
-3.41883e-07
3.30837e-07
-4.4058e-07
2.40956e-07
-4.92114e-07
1.53104e-07
-4.72608e-07
7.9642e-08
-4.24089e-07
2.04917e-08
-3.21769e-07
-1.22579e-08
-2.16109e-07
-2.25675e-08
-9.00628e-08
5.26217e-09
-3.53518e-09
-2.76158e-07
5.98513e-07
2.94597e-08
-6.07868e-07
5.52562e-07
-1.36579e-07
4.8067e-07
-2.58538e-07
3.87481e-07
-3.56866e-07
2.93655e-07
-3.82538e-07
1.94681e-07
-3.88409e-07
1.17303e-07
-3.29105e-07
4.72755e-08
-2.69661e-07
1.27174e-08
-1.66313e-07
-6.45924e-09
-8.72282e-08
1.90969e-08
-2.50727e-08
-2.81479e-07
7.92236e-07
4.31301e-08
-8.03751e-07
7.379e-07
-8.05038e-08
6.47677e-07
-1.65443e-07
5.33633e-07
-2.42255e-07
4.11366e-07
-2.58451e-07
2.87024e-07
-2.66928e-07
1.82144e-07
-2.24023e-07
9.32352e-08
-1.87726e-07
4.17156e-08
-1.15498e-07
1.29568e-08
-6.93106e-08
3.01394e-08
-4.9439e-08
-2.68338e-07
1.1404e-06
6.49314e-08
-1.15104e-06
1.06795e-06
-5.06349e-09
9.52498e-07
-4.07341e-08
8.01384e-07
-9.34987e-08
6.35421e-07
-8.63127e-08
4.62591e-07
-1.06963e-07
3.14075e-07
-7.56702e-08
1.88146e-07
-8.48339e-08
1.10282e-07
-4.31304e-08
6.23316e-08
-5.21247e-08
6.44516e-08
-6.91988e-08
-2.38839e-07
9.18421e-07
-8.5113e-07
9.15714e-07
8.74171e-07
7.82479e-07
6.92866e-07
5.86396e-07
5.05007e-07
4.19446e-07
3.69126e-07
3.13522e-07
2.38839e-07
-5.41686e-07
-1.26064e-06
-5.69783e-07
-8.04185e-07
-5.31577e-07
-5.99672e-08
-4.49085e-07
3.53329e-07
-3.34154e-07
6.87854e-07
-1.85013e-07
9.73992e-07
3.80273e-09
1.20938e-06
2.35479e-07
1.37487e-06
5.09832e-07
1.44039e-06
8.08549e-07
1.34902e-06
1.09799e-06
1.05488e-06
4.76925e-07
1.28292e-06
-1.81667e-07
-1.07036e-06
-3.94057e-07
-5.93698e-07
-4.02747e-07
-5.30971e-08
-3.45442e-07
2.94204e-07
-2.49466e-07
5.88898e-07
-1.19041e-07
8.41562e-07
4.5525e-08
1.04257e-06
2.44308e-07
1.17656e-06
4.70577e-07
1.21282e-06
7.11727e-07
1.12097e-06
9.29904e-07
8.39652e-07
3.54476e-07
1.06151e-06
-1.58948e-07
-9.52324e-07
-2.93256e-07
-4.62978e-07
-3.0517e-07
-4.52569e-08
-2.61486e-07
2.45911e-07
-1.80299e-07
5.01885e-07
-6.69164e-08
7.22617e-07
7.63248e-08
8.94483e-07
2.45809e-07
1.00285e-06
4.35535e-07
1.02312e-06
6.26792e-07
9.21412e-07
7.9644e-07
6.80462e-07
2.73469e-07
8.9388e-07
-1.2549e-07
-8.01678e-07
-2.2027e-07
-3.68205e-07
-2.29999e-07
-3.46782e-08
-1.94351e-07
2.09862e-07
-1.24481e-07
4.32966e-07
-2.56643e-08
6.24488e-07
9.88859e-08
7.72419e-07
2.44049e-07
8.60731e-07
4.01462e-07
8.68227e-07
5.58444e-07
7.76154e-07
6.90169e-07
5.52694e-07
2.08896e-07
7.63449e-07
-9.66206e-08
-7.30343e-07
-1.64827e-07
-3.01086e-07
-1.71848e-07
-3.1356e-08
-1.40462e-07
1.7651e-07
-7.98686e-08
3.68043e-07
7.32877e-09
5.3546e-07
1.15494e-07
6.61735e-07
2.40447e-07
7.35264e-07
3.72807e-07
7.35958e-07
4.99899e-07
6.44321e-07
6.05533e-07
4.565e-07
1.66652e-07
6.62318e-07
-7.39467e-08
-6.27402e-07
-1.24069e-07
-2.49618e-07
-1.27069e-07
-2.6197e-08
-9.80934e-08
1.48509e-07
-4.41567e-08
3.17411e-07
3.38964e-08
4.59984e-07
1.2861e-07
5.72514e-07
2.37864e-07
6.29847e-07
3.48567e-07
6.29971e-07
4.56201e-07
5.44553e-07
5.4107e-07
3.76902e-07
1.306e-07
5.85117e-07
-6.22561e-08
-5.74802e-07
-9.49558e-08
-2.15152e-07
-9.46623e-08
-2.96141e-08
-6.4834e-08
1.20781e-07
-1.65891e-08
2.65661e-07
5.73978e-08
3.9046e-07
1.4057e-07
4.86315e-07
2.41224e-07
5.36392e-07
3.34551e-07
5.32781e-07
4.2923e-07
4.54914e-07
5.00426e-07
3.14323e-07
1.0726e-07
5.35809e-07
-5.76164e-08
-4.83999e-07
-7.79109e-08
-1.92337e-07
-7.37288e-08
-3.02094e-08
-4.10881e-08
8.95373e-08
5.53849e-09
2.25099e-07
8.03007e-08
3.18431e-07
1.58667e-07
4.18086e-07
2.57745e-07
4.40557e-07
3.41373e-07
4.58278e-07
4.32814e-07
3.68918e-07
4.96885e-07
2.6086e-07
8.80992e-08
5.26497e-07
-6.4909e-08
-4.33481e-07
-7.29751e-08
-1.70507e-07
-6.78083e-08
-5.17371e-08
-2.47603e-08
6.81285e-08
2.16896e-08
1.54399e-07
1.12283e-07
2.61921e-07
1.89313e-07
3.06716e-07
3.07302e-07
3.69533e-07
3.8494e-07
3.37046e-07
4.92074e-07
3.12745e-07
5.57168e-07
2.03704e-07
6.86347e-08
5.856e-07
-7.9923e-08
-3.11975e-07
-8.99192e-08
-1.52188e-07
-7.75883e-08
-6.32879e-08
-2.61683e-08
2.65832e-08
4.05788e-08
9.05603e-08
1.50387e-07
1.68436e-07
2.58506e-07
2.04783e-07
4.00263e-07
2.53011e-07
5.08235e-07
2.30009e-07
6.40457e-07
2.36375e-07
7.28062e-07
1.63983e-07
5.44298e-08
7.61956e-07
-1.08991e-07
-1.22203e-07
-1.35503e-07
-9.55293e-08
-1.24628e-07
-6.51425e-08
-6.08227e-08
-1.45323e-09
3.24871e-08
1.33536e-08
1.79349e-07
8.02305e-08
3.34591e-07
7.87337e-08
5.26278e-07
1.42603e-07
6.86927e-07
1.01812e-07
8.78652e-07
2.1747e-07
1.01364e-06
1.76876e-07
7.78112e-08
1.0678e-06
-1.10725e-07
-2.0479e-07
-2.60995e-07
-2.59784e-07
-2.32035e-07
-1.46537e-07
-4.75968e-08
9.99941e-08
2.41232e-07
4.93546e-07
6.88255e-07
7.81244e-07
1.22612e-06
-3.47626e-07
9.95861e-07
-1.05494e-06
7.08311e-07
-1.50003e-06
4.22616e-07
-1.71721e-06
1.67492e-07
-1.74194e-06
-4.91084e-08
-1.63407e-06
-2.28319e-07
-1.42985e-06
-3.75912e-07
-1.1552e-06
-4.97063e-07
-8.22873e-07
-5.91972e-07
-4.43817e-07
-6.39983e-07
6.55874e-08
-8.40273e-07
1.02447e-06
-2.92399e-07
8.55797e-07
-8.69115e-07
6.30112e-07
-1.26414e-06
4.01688e-07
-1.45758e-06
1.88856e-07
-1.50013e-06
4.4325e-09
-1.42134e-06
-1.4964e-07
-1.2516e-06
-2.72913e-07
-1.0105e-06
-3.64124e-07
-7.1455e-07
-4.05524e-07
-3.84437e-07
-2.95571e-07
-4.21046e-08
-1.02497e-06
8.68199e-07
-2.50096e-07
7.40205e-07
-7.24644e-07
5.65943e-07
-1.05794e-06
3.79177e-07
-1.2504e-06
2.01938e-07
-1.30201e-06
4.52692e-08
-1.24555e-06
-8.57715e-08
-1.10304e-06
-1.88467e-07
-8.93885e-07
-2.58357e-07
-6.33285e-07
-2.8412e-07
-3.51374e-07
-1.94828e-07
-9.85921e-08
-1.21507e-06
7.45792e-07
-2.17356e-07
6.48392e-07
-6.13231e-07
5.07936e-07
-9.08722e-07
3.56988e-07
-1.0738e-06
2.09277e-07
-1.12921e-06
7.65608e-08
-1.08921e-06
-3.46813e-08
-9.69904e-07
-1.20342e-07
-7.89309e-07
-1.75081e-07
-5.62335e-07
-1.89069e-07
-3.2087e-07
-1.26458e-07
-1.51268e-07
-1.22454e-06
6.49204e-07
-1.89594e-07
5.72525e-07
-5.22478e-07
4.61626e-07
-7.72087e-07
3.36337e-07
-9.32571e-07
2.13147e-07
-9.87699e-07
1.0039e-07
-9.61384e-07
6.00464e-09
-8.59513e-07
-6.61123e-08
-7.05457e-07
-1.09613e-07
-5.07794e-07
-1.1852e-07
-3.04949e-07
-6.22967e-08
-1.78002e-07
-1.26543e-06
5.75402e-07
-1.6641e-07
5.15149e-07
-4.49452e-07
4.22911e-07
-6.72213e-07
3.19437e-07
-8.0639e-07
2.15851e-07
-8.65112e-07
1.19474e-07
-8.45115e-07
3.83763e-08
-7.61601e-07
-2.30347e-08
-6.28062e-07
-5.90994e-08
-4.58597e-07
-6.35972e-08
-2.87012e-07
-2.34944e-08
-2.05616e-07
-1.17874e-06
5.27673e-07
-1.45042e-07
4.77918e-07
-3.85616e-07
4.01656e-07
-5.73582e-07
3.10008e-07
-7.02294e-07
2.22797e-07
-7.5724e-07
1.36543e-07
-7.44724e-07
6.60637e-08
-6.73954e-07
1.10416e-08
-5.60487e-07
-1.99691e-08
-4.15828e-07
-2.38037e-08
-2.73852e-07
1.35571e-08
-2.1662e-07
-1.13193e-06
5.19379e-07
-1.23151e-07
4.76249e-07
-3.27375e-07
4.05781e-07
-4.9237e-07
3.20159e-07
-5.91551e-07
2.42166e-07
-6.58909e-07
1.59432e-07
-6.40937e-07
9.39902e-08
-5.89686e-07
4.06285e-08
-4.90554e-07
1.13942e-08
-3.7124e-07
8.01148e-09
-2.57203e-07
3.82846e-08
-2.30159e-07
-1.0198e-06
5.78249e-07
-1.00825e-07
5.34995e-07
-2.69214e-07
4.6352e-07
-3.99983e-07
3.67563e-07
-5.05786e-07
2.93228e-07
-5.36598e-07
2.00721e-07
-5.42256e-07
1.33404e-07
-4.90561e-07
7.38504e-08
-4.16408e-07
4.16572e-08
-3.2298e-07
3.64887e-08
-2.34826e-07
6.55445e-08
-2.44252e-07
-9.12131e-07
7.52771e-07
-6.99633e-08
7.01841e-07
-1.92105e-07
6.08444e-07
-3.05929e-07
4.95715e-07
-3.69193e-07
4.01206e-07
-3.76782e-07
2.89612e-07
-3.80247e-07
2.03184e-07
-3.44503e-07
1.28132e-07
-2.95799e-07
8.57795e-08
-2.3613e-07
7.3789e-08
-1.87292e-07
1.00921e-07
-2.36903e-07
-7.38436e-07
1.05993e-06
9.00758e-09
9.88407e-07
-5.70549e-08
8.58549e-07
-1.42718e-07
7.14465e-07
-1.33553e-07
5.91188e-07
-5.02729e-08
4.51739e-07
-5.80047e-08
3.38767e-07
-3.29796e-08
2.4296e-07
-3.3995e-08
1.85484e-07
-2.77292e-08
1.62129e-07
-3.867e-08
1.69652e-07
-1.42101e-07
-4.13108e-07
8.23209e-07
7.73434e-07
6.49431e-07
5.6269e-07
5.53663e-07
5.4154e-07
5.46653e-07
5.47464e-07
5.48477e-07
5.30747e-07
4.13108e-07
-4.61563e-07
-2.95436e-07
-4.89469e-07
-5.25852e-07
-4.55372e-07
6.78874e-08
-3.80006e-07
4.45868e-07
-2.73285e-07
7.66997e-07
-1.32491e-07
1.04814e-06
4.71928e-08
1.28091e-06
2.69089e-07
1.44729e-06
5.30869e-07
1.51463e-06
8.1886e-07
1.43671e-06
1.09481e-06
1.15119e-06
5.97796e-07
1.27182e-06
-1.50249e-07
-1.47123e-07
-3.29156e-07
-3.43501e-07
-3.34334e-07
7.19022e-08
-2.81046e-07
3.87608e-07
-1.91186e-07
6.69981e-07
-6.82719e-08
9.1609e-07
8.83728e-08
1.11507e-06
2.77903e-07
1.24848e-06
4.94938e-07
1.28929e-06
7.23935e-07
1.20081e-06
9.33074e-07
9.41778e-07
4.74912e-07
1.05676e-06
-1.17114e-07
4.15706e-08
-2.34073e-07
-2.19204e-07
-2.42422e-07
8.16308e-08
-2.01057e-07
3.44136e-07
-1.24864e-07
5.87191e-07
-1.76557e-08
8.00879e-07
1.18253e-07
9.69201e-07
2.80068e-07
1.07696e-06
4.60368e-07
1.09945e-06
6.44222e-07
1.00905e-06
8.03827e-07
7.7614e-07
3.8916e-07
8.94313e-07
-8.39068e-08
1.05157e-07
-1.64851e-07
-1.38924e-07
-1.71685e-07
8.65959e-08
-1.37728e-07
3.06056e-07
-7.18062e-08
5.16538e-07
2.17609e-08
7.01742e-07
1.39921e-07
8.45946e-07
2.7824e-07
9.34172e-07
4.28685e-07
9.45207e-07
5.77225e-07
8.57959e-07
7.01907e-07
6.53353e-07
3.2319e-07
7.6833e-07
-5.26439e-08
2.02571e-07
-1.12576e-07
-7.44247e-08
-1.16933e-07
9.20527e-08
-8.73459e-08
2.75505e-07
-2.94779e-08
4.53384e-07
5.2938e-08
6.14458e-07
1.55932e-07
7.35546e-07
2.74785e-07
8.0974e-07
4.00948e-07
8.12527e-07
5.22297e-07
7.32118e-07
6.19844e-07
5.51307e-07
2.75935e-07
6.7084e-07
-3.06306e-08
1.93211e-07
-7.42389e-08
-3.41395e-08
-7.48163e-08
8.95551e-08
-4.82565e-08
2.46499e-07
4.5089e-09
3.97789e-07
7.76033e-08
5.39042e-07
1.68999e-07
6.42485e-07
2.72007e-07
7.05513e-07
3.79317e-07
7.04781e-07
4.79509e-07
6.31498e-07
5.58127e-07
4.75333e-07
2.36943e-07
5.96653e-07
-1.36156e-08
2.32557e-07
-4.71007e-08
-5.95959e-10
-4.2345e-08
8.90494e-08
-1.7776e-08
2.18236e-07
3.2771e-08
3.46873e-07
9.94723e-08
4.67651e-07
1.83098e-07
5.56374e-07
2.75285e-07
6.10092e-07
3.69024e-07
6.0781e-07
4.54894e-07
5.44068e-07
5.19287e-07
4.08162e-07
2.08722e-07
5.50334e-07
-3.43466e-09
1.9619e-07
-2.82351e-08
2.28869e-08
-1.82155e-08
7.47844e-08
6.97707e-09
1.94078e-07
5.87599e-08
2.92035e-07
1.24331e-07
4.03274e-07
2.06183e-07
4.73512e-07
2.94761e-07
5.2256e-07
3.82747e-07
5.20294e-07
4.61726e-07
4.65289e-07
5.19348e-07
3.51961e-07
1.82856e-07
5.44914e-07
8.39041e-09
2.3347e-07
-1.74585e-08
2.9047e-08
4.34111e-09
8.17549e-08
2.88266e-08
1.42136e-07
9.25875e-08
2.48104e-07
1.62339e-07
3.13703e-07
2.55087e-07
3.89086e-07
3.50699e-07
4.18966e-07
4.45179e-07
4.24362e-07
5.28875e-07
3.82096e-07
5.8797e-07
2.9329e-07
1.60844e-07
6.13001e-07
9.89125e-09
1.87182e-07
-3.47774e-09
3.66874e-08
2.42686e-08
6.11027e-08
6.35829e-08
9.25324e-08
1.43094e-07
1.70418e-07
2.37432e-07
2.1177e-07
3.55336e-07
2.7121e-07
4.79366e-07
2.92157e-07
6.00168e-07
3.0256e-07
7.06623e-07
2.79117e-07
7.81527e-07
2.22861e-07
1.31109e-07
8.10038e-07
2.41025e-08
9.6566e-08
2.14793e-08
1.73809e-08
6.18466e-08
3.68653e-08
1.18541e-07
8.56132e-09
2.27105e-07
6.65119e-08
3.57581e-07
6.15095e-08
5.20932e-07
1.08768e-07
6.93212e-07
1.13919e-07
8.64024e-07
1.31684e-07
1.0161e-06
1.38302e-07
1.12587e-06
1.23684e-07
8.94322e-08
1.16934e-06
8.72753e-08
1.09588e-07
1.39499e-07
1.4968e-07
2.11302e-07
2.73163e-07
3.80541e-07
4.94266e-07
6.28471e-07
7.69354e-07
8.93472e-07
9.83673e-07
1.21233e-06
-2.03025e-07
9.87921e-07
-8.87458e-07
7.00834e-07
-1.32222e-06
4.13126e-07
-1.52212e-06
1.53963e-07
-1.53924e-06
-6.62661e-08
-1.4237e-06
-2.4755e-07
-1.21371e-06
-3.94389e-07
-9.3224e-07
-5.12038e-07
-5.88915e-07
-5.95049e-07
-1.62999e-07
-6.49871e-07
5.55693e-07
2.95129e-07
1.01661e-06
-1.51056e-07
8.50978e-07
-7.06822e-07
6.27831e-07
-1.08338e-06
3.94714e-07
-1.2741e-06
1.77828e-07
-1.30867e-06
-1.06643e-08
-1.22331e-06
-1.66586e-07
-1.04702e-06
-2.88779e-07
-8.01449e-07
-3.73453e-07
-4.97823e-07
-3.96485e-07
-1.37765e-07
-2.19835e-07
3.86508e-07
5.51798e-08
8.6531e-07
-1.15054e-07
7.40254e-07
-5.7015e-07
5.64593e-07
-8.94298e-07
3.74657e-07
-1.0704e-06
1.92904e-07
-1.11454e-06
3.23054e-08
-1.0508e-06
-1.01304e-07
-9.0382e-07
-2.03006e-07
-6.91069e-07
-2.67772e-07
-4.27951e-07
-2.77187e-07
-1.24911e-07
-1.59924e-07
2.6438e-07
-9.16194e-08
7.47146e-07
-8.58823e-08
6.50606e-07
-4.64765e-07
5.10588e-07
-7.44754e-07
3.54695e-07
-9.0565e-07
2.02152e-07
-9.53361e-07
6.51178e-08
-9.06595e-07
-4.91895e-08
-7.82588e-07
-1.34871e-07
-6.00248e-07
-1.86246e-07
-3.72817e-07
-1.91221e-07
-1.19277e-07
-1.06276e-07
1.81585e-07
-2.18934e-07
6.53904e-07
-6.54183e-08
5.78108e-07
-3.81866e-07
4.65032e-07
-6.24049e-07
3.36394e-07
-7.67631e-07
2.07504e-07
-8.17103e-07
9.05122e-08
-7.80841e-07
-8.07131e-09
-6.78173e-07
-8.09902e-08
-5.20914e-07
-1.23552e-07
-3.27322e-07
-1.26169e-07
-1.14547e-07
-6.42546e-08
1.14936e-07
-2.78526e-07
5.83129e-07
-4.66811e-08
5.22162e-07
-3.1662e-07
4.29493e-07
-5.26354e-07
3.21578e-07
-6.55637e-07
2.1189e-07
-7.03158e-07
1.10337e-07
-6.75954e-07
2.4775e-08
-5.89469e-07
-3.91738e-08
-4.54496e-07
-7.5544e-08
-2.89562e-07
-7.87307e-08
-1.11442e-07
-3.09124e-08
6.7403e-08
-3.2555e-07
5.37871e-07
-3.36622e-08
4.87655e-07
-2.6192e-07
4.08781e-07
-4.43696e-07
3.15783e-07
-5.57834e-07
2.19403e-07
-6.02369e-07
1.28603e-07
-5.81633e-07
5.2013e-08
-5.08828e-07
-6.62259e-09
-3.94249e-07
-3.9392e-08
-2.54452e-07
-4.45435e-08
-1.07045e-07
-8.77487e-09
2.80695e-08
-3.39417e-07
5.3314e-07
-1.77112e-08
4.88522e-07
-2.14891e-07
4.16326e-07
-3.69041e-07
3.30271e-07
-4.69271e-07
2.39341e-07
-5.10713e-07
1.5224e-07
-4.923e-07
7.84705e-08
-4.35736e-07
2.03885e-08
-3.34523e-07
-1.21478e-08
-2.23352e-07
-2.08225e-08
-9.84011e-08
8.44353e-09
-3.29799e-09
-3.41435e-07
5.98797e-07
-8.27651e-09
5.54579e-07
-1.62795e-07
4.78776e-07
-2.92199e-07
3.87691e-07
-3.75937e-07
2.90763e-07
-4.06846e-07
1.94239e-07
-4.00789e-07
1.15028e-07
-3.45681e-07
4.74334e-08
-2.77151e-07
1.19232e-08
-1.77603e-07
-4.36748e-09
-9.2941e-08
2.28512e-08
-2.98742e-08
-3.35562e-07
7.92904e-07
1.08822e-08
7.38487e-07
-1.00727e-07
6.45167e-07
-1.9559e-07
5.31392e-07
-2.56282e-07
4.06728e-07
-2.80066e-07
2.8388e-07
-2.76267e-07
1.78243e-07
-2.39406e-07
9.13351e-08
-1.93459e-07
3.96867e-08
-1.26701e-07
1.37604e-08
-7.50243e-08
3.51881e-08
-5.82318e-08
-3.20149e-07
1.1474e-06
3.75642e-08
1.07529e-06
-9.01751e-09
9.53736e-07
-6.15989e-08
8.00968e-07
-8.97634e-08
6.29983e-07
-1.00153e-07
4.59008e-07
-1.04324e-07
3.09468e-07
-8.7221e-08
1.86617e-07
-8.27035e-08
1.08676e-07
-5.31079e-08
6.47871e-08
-5.47047e-08
7.20217e-08
-8.50946e-08
-2.88405e-07
1.02626e-06
1.02e-06
9.61524e-07
8.7393e-07
7.73869e-07
6.70467e-07
5.80241e-07
4.96916e-07
4.38377e-07
3.79813e-07
2.88405e-07
-5.45985e-07
-1.08528e-06
-5.7163e-07
-7.85803e-07
-5.32644e-07
-3.82509e-08
-4.49418e-07
3.8093e-07
-3.33933e-07
7.21749e-07
-1.84227e-07
1.0144e-06
4.96453e-09
1.25622e-06
2.36834e-07
1.42856e-06
5.1041e-07
1.50068e-06
8.09256e-07
1.41924e-06
1.09706e-06
1.13096e-06
5.6214e-07
1.28026e-06
-1.77841e-07
-8.94345e-07
-3.92707e-07
-5.72411e-07
-4.01496e-07
-3.10866e-08
-3.43846e-07
3.21319e-07
-2.47399e-07
6.22096e-07
-1.16469e-07
8.8067e-07
4.85558e-08
1.0879e-06
2.47412e-07
1.22773e-06
4.73771e-07
1.2708e-06
7.13829e-07
1.18353e-06
9.3128e-07
9.12423e-07
4.35476e-07
1.06167e-06
-1.55981e-07
-7.80106e-07
-2.90156e-07
-4.41757e-07
-3.02113e-07
-2.3285e-08
-2.58184e-07
2.72719e-07
-1.76689e-07
5.3457e-07
-6.27777e-08
7.60888e-07
8.08015e-08
9.38757e-07
2.50559e-07
1.05257e-06
4.39771e-07
1.07858e-06
6.31302e-07
9.84315e-07
7.99738e-07
7.47471e-07
3.4686e-07
8.95809e-07
-1.2095e-07
-6.29408e-07
-2.15603e-07
-3.46651e-07
-2.25425e-07
-1.25638e-08
-1.89583e-07
2.36253e-07
-1.19522e-07
4.64768e-07
-2.01775e-08
6.61223e-07
1.04609e-07
8.14655e-07
2.50012e-07
9.07672e-07
4.0739e-07
9.2075e-07
5.63711e-07
8.32009e-07
6.94819e-07
6.16497e-07
2.78441e-07
7.67042e-07
-9.08999e-08
-5.64086e-07
-1.58856e-07
-2.79706e-07
-1.66044e-07
-9.10216e-09
-1.34548e-07
2.02505e-07
-7.37766e-08
3.9936e-07
1.38558e-08
5.70972e-07
1.22256e-07
7.02815e-07
2.47416e-07
7.80346e-07
3.79457e-07
7.86264e-07
5.06714e-07
6.99918e-07
6.11288e-07
5.15154e-07
2.29504e-07
6.66958e-07
-6.65208e-08
-4.65409e-07
-1.16897e-07
-2.27612e-07
-1.20224e-07
-3.76458e-09
-9.12647e-08
1.74216e-07
-3.7077e-08
3.47527e-07
4.12843e-08
4.94017e-07
1.36314e-07
6.11224e-07
2.4558e-07
6.72477e-07
3.56469e-07
6.77095e-07
4.63413e-07
5.94921e-07
5.47562e-07
4.32438e-07
1.89871e-07
5.90793e-07
-5.30163e-08
-4.20847e-07
-8.67509e-08
-1.92114e-07
-8.67775e-08
-6.58724e-09
-5.7348e-08
1.46112e-07
-8.39736e-09
2.94889e-07
6.54069e-08
4.22985e-07
1.49439e-07
5.23336e-07
2.49514e-07
5.76769e-07
3.43555e-07
5.77422e-07
4.37375e-07
5.03795e-07
5.07684e-07
3.65235e-07
1.60548e-07
5.42276e-07
-4.57421e-08
-3.40685e-07
-6.84067e-08
-1.66529e-07
-6.44765e-08
-7.55508e-09
-3.25784e-08
1.15253e-07
1.53416e-08
2.51313e-07
8.94127e-08
3.50296e-07
1.69287e-07
4.50442e-07
2.67112e-07
4.79682e-07
3.52412e-07
4.97049e-07
4.41907e-07
4.14638e-07
5.05244e-07
3.06976e-07
1.36096e-07
5.34341e-07
-4.89904e-08
-3.01107e-07
-6.15257e-08
-1.41745e-07
-5.57037e-08
-2.68776e-08
-1.42579e-08
9.12659e-08
3.50769e-08
1.81061e-07
1.23564e-07
2.89021e-07
2.0404e-07
3.39456e-07
3.18812e-07
4.02101e-07
4.00403e-07
3.76168e-07
5.0369e-07
3.51259e-07
5.68215e-07
2.44969e-07
1.11327e-07
5.96214e-07
-5.89656e-08
-1.98434e-07
-7.33264e-08
-1.17942e-07
-5.99972e-08
-3.93654e-08
-8.9721e-09
4.82036e-08
6.0702e-08
1.11934e-07
1.69522e-07
1.9135e-07
2.80689e-07
2.29232e-07
4.20199e-07
2.78963e-07
5.3175e-07
2.58579e-07
6.59786e-07
2.61801e-07
7.46009e-07
1.91666e-07
8.6877e-08
7.79185e-07
-7.6135e-08
-3.60882e-08
-1.02963e-07
-5.92373e-08
-8.84993e-08
-4.4636e-08
-2.27087e-08
1.06859e-08
7.44781e-08
2.23319e-08
2.21716e-07
8.37658e-08
3.79864e-07
8.13279e-08
5.69829e-07
1.39141e-07
7.32999e-07
9.86839e-08
9.18165e-07
1.95836e-07
1.04924e-06
1.60437e-07
7.47582e-08
1.10059e-06
-2.4064e-08
-8.16431e-08
-1.19117e-07
-1.07514e-07
-7.52168e-08
9.74376e-09
1.03985e-07
2.41897e-07
3.67753e-07
5.87363e-07
7.56965e-07
8.37494e-07
1.22114e-06
-2.51974e-07
9.90998e-07
-9.49117e-07
7.01328e-07
-1.39001e-06
4.13946e-07
-1.59734e-06
1.5727e-07
-1.61801e-06
-5.95222e-08
-1.5073e-06
-2.37042e-07
-1.30239e-06
-3.8025e-07
-1.02958e-06
-4.93595e-07
-7.01189e-07
-5.76268e-07
-3.20952e-07
-6.05141e-07
2.40265e-07
-1.34457e-07
1.02201e-06
-2.04437e-07
8.52244e-07
-7.72018e-07
6.26157e-07
-1.15771e-06
3.94451e-07
-1.35036e-06
1.79748e-07
-1.38874e-06
-5.53691e-09
-1.30727e-06
-1.58744e-07
-1.1366e-06
-2.78974e-07
-8.97448e-07
-3.64455e-07
-6.0601e-07
-3.96111e-07
-2.7731e-07
-2.7092e-07
1.04199e-07
-3.1283e-07
8.67825e-07
-1.69744e-07
7.39133e-07
-6.36937e-07
5.62372e-07
-9.66934e-07
3.73263e-07
-1.1506e-06
1.93808e-07
-1.19785e-06
3.5761e-08
-1.1392e-06
-9.52569e-08
-9.95713e-07
-1.96249e-07
-7.89409e-07
-2.62413e-07
-5.33664e-07
-2.81976e-07
-2.55925e-07
-1.84237e-07
3.16826e-08
-5.34404e-07
7.46947e-07
-1.4308e-07
6.48121e-07
-5.32128e-07
5.06595e-07
-8.20322e-07
3.52319e-07
-9.84006e-07
2.01911e-07
-1.03578e-06
6.74701e-08
-9.93084e-07
-4.47051e-08
-8.72988e-07
-1.29693e-07
-6.94518e-07
-1.82606e-07
-4.71965e-07
-1.93012e-07
-2.34547e-07
-1.28239e-07
-3.5102e-08
-5.65956e-07
6.51687e-07
-1.21905e-07
5.73887e-07
-4.49233e-07
4.60633e-07
-6.95898e-07
3.32672e-07
-8.48699e-07
2.06618e-07
-8.99672e-07
9.16279e-08
-8.71369e-07
-4.26981e-09
-7.68044e-07
-7.67134e-08
-6.17075e-07
-1.19718e-07
-4.22705e-07
-1.2747e-07
-2.25344e-07
-7.11775e-08
-6.96364e-08
-6.58695e-07
5.78901e-07
-1.04044e-07
5.17113e-07
-3.81588e-07
4.23558e-07
-5.98713e-07
3.16845e-07
-7.31242e-07
2.09935e-07
-7.84684e-07
1.11112e-07
-7.63338e-07
2.7731e-08
-6.77295e-07
-3.45429e-08
-5.47006e-07
-7.14697e-08
-3.78981e-07
-7.62885e-08
-2.12253e-07
-3.97109e-08
-1.04843e-07
-6.12145e-07
5.32247e-07
-8.85038e-08
4.8108e-07
-3.2491e-07
4.02654e-07
-5.10631e-07
3.08685e-07
-6.32469e-07
2.17245e-07
-6.82398e-07
1.28594e-07
-6.68067e-07
5.49408e-08
-5.95157e-07
-1.17895e-09
-4.84064e-07
-3.42086e-08
-3.40497e-07
-3.97797e-08
-2.01984e-07
-8.01985e-09
-1.19492e-07
-6.23192e-07
5.25162e-07
-7.30592e-08
4.80225e-07
-2.73332e-07
4.08303e-07
-4.34191e-07
3.20009e-07
-5.32409e-07
2.36687e-07
-5.89908e-07
1.51235e-07
-5.73739e-07
8.1807e-08
-5.16551e-07
2.68891e-08
-4.22157e-07
-5.19342e-09
-2.99616e-07
-1.15143e-08
-1.8935e-07
9.61986e-09
-1.34147e-07
-5.67295e-07
5.86447e-07
-5.72927e-08
5.41114e-07
-2.2186e-07
4.67251e-07
-3.51528e-07
3.69737e-07
-4.46569e-07
2.8629e-07
-4.78924e-07
1.9179e-07
-4.74968e-07
1.17471e-07
-4.28868e-07
5.7272e-08
-3.47296e-07
1.98518e-08
-2.61164e-07
1.23076e-08
-1.62932e-07
2.69866e-08
-1.49353e-07
-5.12009e-07
7.6657e-07
-3.66824e-08
7.12166e-07
-1.57146e-07
6.17456e-07
-2.6319e-07
4.99299e-07
-3.25895e-07
3.92897e-07
-3.37928e-07
2.75029e-07
-3.32773e-07
1.79844e-07
-3.01909e-07
1.01373e-07
-2.43357e-07
5.36698e-08
-1.8888e-07
3.8136e-08
-1.23848e-07
5.00714e-08
-1.43861e-07
-4.16409e-07
1.08505e-06
6.18549e-09
1.0082e-06
-5.98608e-08
8.75793e-07
-1.36931e-07
7.19128e-07
-1.49965e-07
5.73881e-07
-9.23258e-08
4.1896e-07
-8.72489e-08
2.88967e-07
-6.88396e-08
1.8504e-07
-4.52379e-08
1.19173e-07
-3.96884e-08
9.39953e-08
-1.70004e-08
9.23289e-08
-8.61483e-08
-2.29141e-07
8.57928e-07
7.96731e-07
6.62651e-07
5.35759e-07
4.63816e-07
4.00207e-07
3.53108e-07
3.26797e-07
3.06088e-07
3.00395e-07
2.29141e-07
-5.32361e-07
-3.20947e-07
-5.38512e-07
-4.45701e-07
-4.89473e-07
1.36704e-07
-4.05525e-07
5.15506e-07
-2.93294e-07
8.39513e-07
-1.4854e-07
1.12292e-06
3.44541e-08
1.3568e-06
2.59364e-07
1.52365e-06
5.24268e-07
1.59039e-06
8.15703e-07
1.5112e-06
1.09618e-06
1.22335e-06
6.63251e-07
-2.13486e-07
-1.41518e-07
-3.72002e-07
-2.87556e-07
-3.65134e-07
1.24581e-07
-3.04712e-07
4.45926e-07
-2.10092e-07
7.3352e-07
-8.36614e-08
9.83446e-07
7.59859e-08
1.18429e-06
2.68217e-07
1.31862e-06
4.88073e-07
1.35889e-06
7.20178e-07
1.26936e-06
9.32632e-07
1.00723e-06
5.36088e-07
-1.58685e-07
1.00004e-07
-2.68101e-07
-1.72403e-07
-2.6889e-07
1.247e-07
-2.22327e-07
3.95462e-07
-1.42336e-07
6.4456e-07
-3.21886e-08
8.63587e-07
1.06302e-07
1.03352e-06
2.70489e-07
1.14315e-06
4.53299e-07
1.16434e-06
6.39732e-07
1.07362e-06
8.02387e-07
8.38217e-07
4.4542e-07
-1.13604e-07
1.57561e-07
-1.91513e-07
-1.00143e-07
-1.93818e-07
1.21256e-07
-1.56579e-07
3.49468e-07
-8.76291e-08
5.67044e-07
8.03239e-09
7.5806e-07
1.28563e-07
9.04593e-07
2.68669e-07
9.94817e-07
4.21535e-07
1.0049e-06
5.72241e-07
9.1769e-07
6.99227e-07
7.10196e-07
3.76093e-07
-7.35415e-08
2.77112e-07
-1.33439e-07
-3.76344e-08
-1.35353e-07
1.22007e-07
-1.03703e-07
3.15401e-07
-4.37702e-08
4.99116e-07
4.02401e-08
6.67839e-07
1.45053e-07
7.8963e-07
2.65442e-07
8.67746e-07
3.93675e-07
8.67963e-07
5.16826e-07
7.89462e-07
6.16513e-07
6.0568e-07
3.24942e-07
-4.68629e-08
2.44918e-07
-9.08291e-08
-2.27751e-09
-8.99066e-08
1.13868e-07
-6.25092e-08
2.81652e-07
-8.17864e-09
4.38103e-07
6.56875e-08
5.88078e-07
1.58769e-07
6.91531e-07
2.62735e-07
7.59614e-07
3.72106e-07
7.55518e-07
4.73665e-07
6.85655e-07
5.53972e-07
5.25668e-07
2.8274e-07
-2.60228e-08
2.88977e-07
-6.05719e-08
2.8802e-08
-5.46825e-08
1.10849e-07
-3.02539e-08
2.5019e-07
2.13782e-08
3.8441e-07
8.82207e-08
5.13252e-07
1.73297e-07
6.02518e-07
2.66067e-07
6.60723e-07
3.61815e-07
6.56137e-07
4.48588e-07
5.95547e-07
5.14531e-07
4.55738e-07
2.5045e-07
-1.46221e-08
2.27171e-07
-3.95602e-08
4.75223e-08
-2.88707e-08
9.07569e-08
-4.38081e-09
2.23629e-07
4.76973e-08
3.24413e-07
1.13263e-07
4.46291e-07
1.95978e-07
5.14416e-07
2.85391e-07
5.70638e-07
3.74951e-07
5.63854e-07
4.54648e-07
5.15102e-07
5.1344e-07
3.954e-07
2.21756e-07
-1.49567e-09
2.69108e-07
-2.85814e-08
4.46326e-08
-4.99284e-09
1.01781e-07
1.62245e-08
1.622e-07
8.1293e-08
2.85247e-07
1.49002e-07
3.46035e-07
2.44075e-07
4.34516e-07
3.39056e-07
4.55551e-07
4.36856e-07
4.73415e-07
5.19346e-07
4.22162e-07
5.80162e-07
3.34698e-07
1.92683e-07
-2.94054e-09
1.89646e-07
-1.48631e-08
3.96417e-08
1.24043e-08
7.42608e-08
4.82093e-08
1.04842e-07
1.26754e-07
2.00833e-07
2.19742e-07
2.35502e-07
3.38642e-07
3.09417e-07
4.64033e-07
3.1975e-07
5.87522e-07
3.46501e-07
6.92767e-07
3.10801e-07
7.67998e-07
2.53116e-07
1.61666e-07
3.09757e-09
2.74912e-08
-4.07989e-10
-1.75022e-08
3.69878e-08
2.63334e-08
8.61022e-08
-1.05011e-08
1.92509e-07
7.1852e-08
3.19333e-07
5.36399e-08
4.84935e-07
1.22944e-07
6.58889e-07
1.12927e-07
8.35614e-07
1.58098e-07
9.84239e-07
1.40154e-07
1.09414e-06
1.29374e-07
1.13402e-07
4.30804e-09
-1.43734e-08
-4.20231e-09
-1.9093e-08
3.95239e-08
8.87288e-08
2.03773e-07
3.14192e-07
4.67275e-07
6.03879e-07
7.35164e-07
)
;

boundaryField
{
    rotor
    {
        type            calculated;
        value           uniform 0;
    }
    stator
    {
        type            calculated;
        value           uniform 0;
    }
    front
    {
        type            empty;
        value           nonuniform 0();
    }
    back
    {
        type            empty;
        value           nonuniform 0();
    }
}


// ************************************************************************* //
