/*--------------------------------*- C++ -*----------------------------------*\
  =========                 |
  \\      /  F ield         | OpenFOAM: The Open Source CFD Toolbox
   \\    /   O peration     | Website:  https://openfoam.org
    \\  /    A nd           | Version:  6
     \\/     M anipulation  |
\*---------------------------------------------------------------------------*/
FoamFile
{
    version     2.0;
    format      ascii;
    class       faceList;
    location    "constant/polyMesh";
    object      faces;
}
// * * * * * * * * * * * * * * * * * * * * * * * * * * * * * * * * * * * * * //


3140
(
4(5 18 186 173)
4(17 185 186 18)
4(6 19 187 174)
4(18 186 187 19)
4(7 20 188 175)
4(19 187 188 20)
4(8 21 189 176)
4(20 188 189 21)
4(9 22 190 177)
4(21 189 190 22)
4(10 23 191 178)
4(22 190 191 23)
4(11 24 192 179)
4(23 191 192 24)
4(12 25 193 180)
4(24 192 193 25)
4(13 26 194 181)
4(25 193 194 26)
4(14 27 195 182)
4(26 194 195 27)
4(15 28 196 183)
4(27 195 196 28)
4(28 196 197 29)
4(16 29 197 184)
4(18 31 199 186)
4(30 198 199 31)
4(19 32 200 187)
4(31 199 200 32)
4(20 33 201 188)
4(32 200 201 33)
4(21 34 202 189)
4(33 201 202 34)
4(22 35 203 190)
4(34 202 203 35)
4(23 36 204 191)
4(35 203 204 36)
4(24 37 205 192)
4(36 204 205 37)
4(25 38 206 193)
4(37 205 206 38)
4(26 39 207 194)
4(38 206 207 39)
4(27 40 208 195)
4(39 207 208 40)
4(28 41 209 196)
4(40 208 209 41)
4(41 209 210 42)
4(29 42 210 197)
4(31 44 212 199)
4(43 211 212 44)
4(32 45 213 200)
4(44 212 213 45)
4(33 46 214 201)
4(45 213 214 46)
4(34 47 215 202)
4(46 214 215 47)
4(35 48 216 203)
4(47 215 216 48)
4(36 49 217 204)
4(48 216 217 49)
4(37 50 218 205)
4(49 217 218 50)
4(38 51 219 206)
4(50 218 219 51)
4(39 52 220 207)
4(51 219 220 52)
4(40 53 221 208)
4(52 220 221 53)
4(41 54 222 209)
4(53 221 222 54)
4(54 222 223 55)
4(42 55 223 210)
4(44 57 225 212)
4(56 224 225 57)
4(45 58 226 213)
4(57 225 226 58)
4(46 59 227 214)
4(58 226 227 59)
4(47 60 228 215)
4(59 227 228 60)
4(48 61 229 216)
4(60 228 229 61)
4(49 62 230 217)
4(61 229 230 62)
4(50 63 231 218)
4(62 230 231 63)
4(51 64 232 219)
4(63 231 232 64)
4(52 65 233 220)
4(64 232 233 65)
4(53 66 234 221)
4(65 233 234 66)
4(54 67 235 222)
4(66 234 235 67)
4(67 235 236 68)
4(55 68 236 223)
4(57 70 238 225)
4(69 237 238 70)
4(58 71 239 226)
4(70 238 239 71)
4(59 72 240 227)
4(71 239 240 72)
4(60 73 241 228)
4(72 240 241 73)
4(61 74 242 229)
4(73 241 242 74)
4(62 75 243 230)
4(74 242 243 75)
4(63 76 244 231)
4(75 243 244 76)
4(64 77 245 232)
4(76 244 245 77)
4(65 78 246 233)
4(77 245 246 78)
4(66 79 247 234)
4(78 246 247 79)
4(67 80 248 235)
4(79 247 248 80)
4(80 248 249 81)
4(68 81 249 236)
4(70 83 251 238)
4(82 250 251 83)
4(71 84 252 239)
4(83 251 252 84)
4(72 85 253 240)
4(84 252 253 85)
4(73 86 254 241)
4(85 253 254 86)
4(74 87 255 242)
4(86 254 255 87)
4(75 88 256 243)
4(87 255 256 88)
4(76 89 257 244)
4(88 256 257 89)
4(77 90 258 245)
4(89 257 258 90)
4(78 91 259 246)
4(90 258 259 91)
4(79 92 260 247)
4(91 259 260 92)
4(80 93 261 248)
4(92 260 261 93)
4(93 261 262 94)
4(81 94 262 249)
4(83 96 264 251)
4(95 263 264 96)
4(84 97 265 252)
4(96 264 265 97)
4(85 98 266 253)
4(97 265 266 98)
4(86 99 267 254)
4(98 266 267 99)
4(87 100 268 255)
4(99 267 268 100)
4(88 101 269 256)
4(100 268 269 101)
4(89 102 270 257)
4(101 269 270 102)
4(90 103 271 258)
4(102 270 271 103)
4(91 104 272 259)
4(103 271 272 104)
4(92 105 273 260)
4(104 272 273 105)
4(93 106 274 261)
4(105 273 274 106)
4(106 274 275 107)
4(94 107 275 262)
4(96 109 277 264)
4(108 276 277 109)
4(97 110 278 265)
4(109 277 278 110)
4(98 111 279 266)
4(110 278 279 111)
4(99 112 280 267)
4(111 279 280 112)
4(100 113 281 268)
4(112 280 281 113)
4(101 114 282 269)
4(113 281 282 114)
4(102 115 283 270)
4(114 282 283 115)
4(103 116 284 271)
4(115 283 284 116)
4(104 117 285 272)
4(116 284 285 117)
4(105 118 286 273)
4(117 285 286 118)
4(106 119 287 274)
4(118 286 287 119)
4(119 287 288 120)
4(107 120 288 275)
4(109 122 290 277)
4(121 289 290 122)
4(110 123 291 278)
4(122 290 291 123)
4(111 124 292 279)
4(123 291 292 124)
4(112 125 293 280)
4(124 292 293 125)
4(113 126 294 281)
4(125 293 294 126)
4(114 127 295 282)
4(126 294 295 127)
4(115 128 296 283)
4(127 295 296 128)
4(116 129 297 284)
4(128 296 297 129)
4(117 130 298 285)
4(129 297 298 130)
4(118 131 299 286)
4(130 298 299 131)
4(119 132 300 287)
4(131 299 300 132)
4(132 300 301 133)
4(120 133 301 288)
4(122 135 303 290)
4(134 302 303 135)
4(123 136 304 291)
4(135 303 304 136)
4(124 137 305 292)
4(136 304 305 137)
4(125 138 306 293)
4(137 305 306 138)
4(126 139 307 294)
4(138 306 307 139)
4(127 140 308 295)
4(139 307 308 140)
4(128 141 309 296)
4(140 308 309 141)
4(129 142 310 297)
4(141 309 310 142)
4(130 143 311 298)
4(142 310 311 143)
4(131 144 312 299)
4(143 311 312 144)
4(132 145 313 300)
4(144 312 313 145)
4(145 313 314 146)
4(133 146 314 301)
4(135 148 316 303)
4(147 315 316 148)
4(136 149 317 304)
4(148 316 317 149)
4(137 150 318 305)
4(149 317 318 150)
4(138 151 319 306)
4(150 318 319 151)
4(139 152 320 307)
4(151 319 320 152)
4(140 153 321 308)
4(152 320 321 153)
4(141 154 322 309)
4(153 321 322 154)
4(142 155 323 310)
4(154 322 323 155)
4(143 156 324 311)
4(155 323 324 156)
4(144 157 325 312)
4(156 324 325 157)
4(145 158 326 313)
4(157 325 326 158)
4(158 326 327 159)
4(146 159 327 314)
4(148 160 328 316)
4(2 3 328 160)
4(149 161 329 317)
4(160 328 329 161)
4(150 162 330 318)
4(161 329 330 162)
4(151 163 331 319)
4(162 330 331 163)
4(152 164 332 320)
4(163 331 332 164)
4(153 165 333 321)
4(164 332 333 165)
4(154 166 334 322)
4(165 333 334 166)
4(155 167 335 323)
4(166 334 335 167)
4(156 168 336 324)
4(167 335 336 168)
4(157 169 337 325)
4(168 336 337 169)
4(158 170 338 326)
4(169 337 338 170)
4(159 171 339 327)
4(170 338 339 171)
4(340 352 507 495)
4(29 197 507 352)
4(341 353 508 496)
4(352 507 508 353)
4(342 354 509 497)
4(353 508 509 354)
4(343 355 510 498)
4(354 509 510 355)
4(344 356 511 499)
4(355 510 511 356)
4(345 357 512 500)
4(356 511 512 357)
4(346 358 513 501)
4(357 512 513 358)
4(347 359 514 502)
4(358 513 514 359)
4(348 360 515 503)
4(359 514 515 360)
4(349 361 516 504)
4(360 515 516 361)
4(350 362 517 505)
4(361 516 517 362)
4(362 517 518 363)
4(352 364 519 507)
4(42 210 519 364)
4(353 365 520 508)
4(364 519 520 365)
4(354 366 521 509)
4(365 520 521 366)
4(355 367 522 510)
4(366 521 522 367)
4(356 368 523 511)
4(367 522 523 368)
4(357 369 524 512)
4(368 523 524 369)
4(358 370 525 513)
4(369 524 525 370)
4(359 371 526 514)
4(370 525 526 371)
4(360 372 527 515)
4(371 526 527 372)
4(361 373 528 516)
4(372 527 528 373)
4(362 374 529 517)
4(373 528 529 374)
4(374 529 530 375)
4(364 376 531 519)
4(55 223 531 376)
4(365 377 532 520)
4(376 531 532 377)
4(366 378 533 521)
4(377 532 533 378)
4(367 379 534 522)
4(378 533 534 379)
4(368 380 535 523)
4(379 534 535 380)
4(369 381 536 524)
4(380 535 536 381)
4(370 382 537 525)
4(381 536 537 382)
4(371 383 538 526)
4(382 537 538 383)
4(372 384 539 527)
4(383 538 539 384)
4(373 385 540 528)
4(384 539 540 385)
4(374 386 541 529)
4(385 540 541 386)
4(386 541 542 387)
4(376 388 543 531)
4(68 236 543 388)
4(377 389 544 532)
4(388 543 544 389)
4(378 390 545 533)
4(389 544 545 390)
4(379 391 546 534)
4(390 545 546 391)
4(380 392 547 535)
4(391 546 547 392)
4(381 393 548 536)
4(392 547 548 393)
4(382 394 549 537)
4(393 548 549 394)
4(383 395 550 538)
4(394 549 550 395)
4(384 396 551 539)
4(395 550 551 396)
4(385 397 552 540)
4(396 551 552 397)
4(386 398 553 541)
4(397 552 553 398)
4(398 553 554 399)
4(388 400 555 543)
4(81 249 555 400)
4(389 401 556 544)
4(400 555 556 401)
4(390 402 557 545)
4(401 556 557 402)
4(391 403 558 546)
4(402 557 558 403)
4(392 404 559 547)
4(403 558 559 404)
4(393 405 560 548)
4(404 559 560 405)
4(394 406 561 549)
4(405 560 561 406)
4(395 407 562 550)
4(406 561 562 407)
4(396 408 563 551)
4(407 562 563 408)
4(397 409 564 552)
4(408 563 564 409)
4(398 410 565 553)
4(409 564 565 410)
4(410 565 566 411)
4(400 412 567 555)
4(94 262 567 412)
4(401 413 568 556)
4(412 567 568 413)
4(402 414 569 557)
4(413 568 569 414)
4(403 415 570 558)
4(414 569 570 415)
4(404 416 571 559)
4(415 570 571 416)
4(405 417 572 560)
4(416 571 572 417)
4(406 418 573 561)
4(417 572 573 418)
4(407 419 574 562)
4(418 573 574 419)
4(408 420 575 563)
4(419 574 575 420)
4(409 421 576 564)
4(420 575 576 421)
4(410 422 577 565)
4(421 576 577 422)
4(422 577 578 423)
4(412 424 579 567)
4(107 275 579 424)
4(413 425 580 568)
4(424 579 580 425)
4(414 426 581 569)
4(425 580 581 426)
4(415 427 582 570)
4(426 581 582 427)
4(416 428 583 571)
4(427 582 583 428)
4(417 429 584 572)
4(428 583 584 429)
4(418 430 585 573)
4(429 584 585 430)
4(419 431 586 574)
4(430 585 586 431)
4(420 432 587 575)
4(431 586 587 432)
4(421 433 588 576)
4(432 587 588 433)
4(422 434 589 577)
4(433 588 589 434)
4(434 589 590 435)
4(424 436 591 579)
4(120 288 591 436)
4(425 437 592 580)
4(436 591 592 437)
4(426 438 593 581)
4(437 592 593 438)
4(427 439 594 582)
4(438 593 594 439)
4(428 440 595 583)
4(439 594 595 440)
4(429 441 596 584)
4(440 595 596 441)
4(430 442 597 585)
4(441 596 597 442)
4(431 443 598 586)
4(442 597 598 443)
4(432 444 599 587)
4(443 598 599 444)
4(433 445 600 588)
4(444 599 600 445)
4(434 446 601 589)
4(445 600 601 446)
4(446 601 602 447)
4(436 448 603 591)
4(133 301 603 448)
4(437 449 604 592)
4(448 603 604 449)
4(438 450 605 593)
4(449 604 605 450)
4(439 451 606 594)
4(450 605 606 451)
4(440 452 607 595)
4(451 606 607 452)
4(441 453 608 596)
4(452 607 608 453)
4(442 454 609 597)
4(453 608 609 454)
4(443 455 610 598)
4(454 609 610 455)
4(444 456 611 599)
4(455 610 611 456)
4(445 457 612 600)
4(456 611 612 457)
4(446 458 613 601)
4(457 612 613 458)
4(458 613 614 459)
4(448 460 615 603)
4(146 314 615 460)
4(449 461 616 604)
4(460 615 616 461)
4(450 462 617 605)
4(461 616 617 462)
4(451 463 618 606)
4(462 617 618 463)
4(452 464 619 607)
4(463 618 619 464)
4(453 465 620 608)
4(464 619 620 465)
4(454 466 621 609)
4(465 620 621 466)
4(455 467 622 610)
4(466 621 622 467)
4(456 468 623 611)
4(467 622 623 468)
4(457 469 624 612)
4(468 623 624 469)
4(458 470 625 613)
4(469 624 625 470)
4(470 625 626 471)
4(460 472 627 615)
4(159 327 627 472)
4(461 473 628 616)
4(472 627 628 473)
4(462 474 629 617)
4(473 628 629 474)
4(463 475 630 618)
4(474 629 630 475)
4(464 476 631 619)
4(475 630 631 476)
4(465 477 632 620)
4(476 631 632 477)
4(466 478 633 621)
4(477 632 633 478)
4(467 479 634 622)
4(478 633 634 479)
4(468 480 635 623)
4(479 634 635 480)
4(469 481 636 624)
4(480 635 636 481)
4(470 482 637 625)
4(481 636 637 482)
4(482 637 638 483)
4(472 484 639 627)
4(171 339 639 484)
4(473 485 640 628)
4(484 639 640 485)
4(474 486 641 629)
4(485 640 641 486)
4(475 487 642 630)
4(486 641 642 487)
4(476 488 643 631)
4(487 642 643 488)
4(477 489 644 632)
4(488 643 644 489)
4(478 490 645 633)
4(489 644 645 490)
4(479 491 646 634)
4(490 645 646 491)
4(480 492 647 635)
4(491 646 647 492)
4(481 493 648 636)
4(492 647 648 493)
4(482 494 649 637)
4(493 648 649 494)
4(494 649 1 0)
4(160 666 714 328)
4(658 662 714 666)
4(161 667 715 329)
4(666 714 715 667)
4(162 668 716 330)
4(667 715 716 668)
4(163 669 717 331)
4(668 716 717 669)
4(164 670 718 332)
4(669 717 718 670)
4(165 671 719 333)
4(670 718 719 671)
4(166 672 720 334)
4(671 719 720 672)
4(167 673 721 335)
4(672 720 721 673)
4(168 674 722 336)
4(673 721 722 674)
4(169 675 723 337)
4(674 722 723 675)
4(170 676 724 338)
4(675 723 724 676)
4(676 724 725 677)
4(171 677 725 339)
4(666 678 726 714)
4(659 663 726 678)
4(667 679 727 715)
4(678 726 727 679)
4(668 680 728 716)
4(679 727 728 680)
4(669 681 729 717)
4(680 728 729 681)
4(670 682 730 718)
4(681 729 730 682)
4(671 683 731 719)
4(682 730 731 683)
4(672 684 732 720)
4(683 731 732 684)
4(673 685 733 721)
4(684 732 733 685)
4(674 686 734 722)
4(685 733 734 686)
4(675 687 735 723)
4(686 734 735 687)
4(676 688 736 724)
4(687 735 736 688)
4(688 736 737 689)
4(677 689 737 725)
4(678 690 738 726)
4(660 664 738 690)
4(679 691 739 727)
4(690 738 739 691)
4(680 692 740 728)
4(691 739 740 692)
4(681 693 741 729)
4(692 740 741 693)
4(682 694 742 730)
4(693 741 742 694)
4(683 695 743 731)
4(694 742 743 695)
4(684 696 744 732)
4(695 743 744 696)
4(685 697 745 733)
4(696 744 745 697)
4(686 698 746 734)
4(697 745 746 698)
4(687 699 747 735)
4(698 746 747 699)
4(688 700 748 736)
4(699 747 748 700)
4(700 748 749 701)
4(689 701 749 737)
4(690 702 750 738)
4(661 665 750 702)
4(691 703 751 739)
4(702 750 751 703)
4(692 704 752 740)
4(703 751 752 704)
4(693 705 753 741)
4(704 752 753 705)
4(694 706 754 742)
4(705 753 754 706)
4(695 707 755 743)
4(706 754 755 707)
4(696 708 756 744)
4(707 755 756 708)
4(697 709 757 745)
4(708 756 757 709)
4(698 710 758 746)
4(709 757 758 710)
4(699 711 759 747)
4(710 758 759 711)
4(700 712 760 748)
4(711 759 760 712)
4(701 713 761 749)
4(712 760 761 713)
4(484 762 806 639)
4(677 725 806 762)
4(485 763 807 640)
4(762 806 807 763)
4(486 764 808 641)
4(763 807 808 764)
4(487 765 809 642)
4(764 808 809 765)
4(488 766 810 643)
4(765 809 810 766)
4(489 767 811 644)
4(766 810 811 767)
4(490 768 812 645)
4(767 811 812 768)
4(491 769 813 646)
4(768 812 813 769)
4(492 770 814 647)
4(769 813 814 770)
4(493 771 815 648)
4(770 814 815 771)
4(494 772 816 649)
4(771 815 816 772)
4(772 816 654 650)
4(762 773 817 806)
4(689 737 817 773)
4(763 774 818 807)
4(773 817 818 774)
4(764 775 819 808)
4(774 818 819 775)
4(765 776 820 809)
4(775 819 820 776)
4(766 777 821 810)
4(776 820 821 777)
4(767 778 822 811)
4(777 821 822 778)
4(768 779 823 812)
4(778 822 823 779)
4(769 780 824 813)
4(779 823 824 780)
4(770 781 825 814)
4(780 824 825 781)
4(771 782 826 815)
4(781 825 826 782)
4(772 783 827 816)
4(782 826 827 783)
4(783 827 655 651)
4(773 784 828 817)
4(701 749 828 784)
4(774 785 829 818)
4(784 828 829 785)
4(775 786 830 819)
4(785 829 830 786)
4(776 787 831 820)
4(786 830 831 787)
4(777 788 832 821)
4(787 831 832 788)
4(778 789 833 822)
4(788 832 833 789)
4(779 790 834 823)
4(789 833 834 790)
4(780 791 835 824)
4(790 834 835 791)
4(781 792 836 825)
4(791 835 836 792)
4(782 793 837 826)
4(792 836 837 793)
4(783 794 838 827)
4(793 837 838 794)
4(794 838 656 652)
4(784 795 839 828)
4(713 761 839 795)
4(785 796 840 829)
4(795 839 840 796)
4(786 797 841 830)
4(796 840 841 797)
4(787 798 842 831)
4(797 841 842 798)
4(788 799 843 832)
4(798 842 843 799)
4(789 800 844 833)
4(799 843 844 800)
4(790 801 845 834)
4(800 844 845 801)
4(791 802 846 835)
4(801 845 846 802)
4(792 803 847 836)
4(802 846 847 803)
4(793 804 848 837)
4(803 847 848 804)
4(794 805 849 838)
4(804 848 849 805)
4(805 849 657 653)
4(702 866 914 750)
4(858 862 914 866)
4(703 867 915 751)
4(866 914 915 867)
4(704 868 916 752)
4(867 915 916 868)
4(705 869 917 753)
4(868 916 917 869)
4(706 870 918 754)
4(869 917 918 870)
4(707 871 919 755)
4(870 918 919 871)
4(708 872 920 756)
4(871 919 920 872)
4(709 873 921 757)
4(872 920 921 873)
4(710 874 922 758)
4(873 921 922 874)
4(711 875 923 759)
4(874 922 923 875)
4(712 876 924 760)
4(875 923 924 876)
4(876 924 925 877)
4(713 877 925 761)
4(866 878 926 914)
4(859 863 926 878)
4(867 879 927 915)
4(878 926 927 879)
4(868 880 928 916)
4(879 927 928 880)
4(869 881 929 917)
4(880 928 929 881)
4(870 882 930 918)
4(881 929 930 882)
4(871 883 931 919)
4(882 930 931 883)
4(872 884 932 920)
4(883 931 932 884)
4(873 885 933 921)
4(884 932 933 885)
4(874 886 934 922)
4(885 933 934 886)
4(875 887 935 923)
4(886 934 935 887)
4(876 888 936 924)
4(887 935 936 888)
4(888 936 937 889)
4(877 889 937 925)
4(878 890 938 926)
4(860 864 938 890)
4(879 891 939 927)
4(890 938 939 891)
4(880 892 940 928)
4(891 939 940 892)
4(881 893 941 929)
4(892 940 941 893)
4(882 894 942 930)
4(893 941 942 894)
4(883 895 943 931)
4(894 942 943 895)
4(884 896 944 932)
4(895 943 944 896)
4(885 897 945 933)
4(896 944 945 897)
4(886 898 946 934)
4(897 945 946 898)
4(887 899 947 935)
4(898 946 947 899)
4(888 900 948 936)
4(899 947 948 900)
4(900 948 949 901)
4(889 901 949 937)
4(890 902 950 938)
4(861 865 950 902)
4(891 903 951 939)
4(902 950 951 903)
4(892 904 952 940)
4(903 951 952 904)
4(893 905 953 941)
4(904 952 953 905)
4(894 906 954 942)
4(905 953 954 906)
4(895 907 955 943)
4(906 954 955 907)
4(896 908 956 944)
4(907 955 956 908)
4(897 909 957 945)
4(908 956 957 909)
4(898 910 958 946)
4(909 957 958 910)
4(899 911 959 947)
4(910 958 959 911)
4(900 912 960 948)
4(911 959 960 912)
4(901 913 961 949)
4(912 960 961 913)
4(795 962 1006 839)
4(877 925 1006 962)
4(796 963 1007 840)
4(962 1006 1007 963)
4(797 964 1008 841)
4(963 1007 1008 964)
4(798 965 1009 842)
4(964 1008 1009 965)
4(799 966 1010 843)
4(965 1009 1010 966)
4(800 967 1011 844)
4(966 1010 1011 967)
4(801 968 1012 845)
4(967 1011 1012 968)
4(802 969 1013 846)
4(968 1012 1013 969)
4(803 970 1014 847)
4(969 1013 1014 970)
4(804 971 1015 848)
4(970 1014 1015 971)
4(805 972 1016 849)
4(971 1015 1016 972)
4(972 1016 854 850)
4(962 973 1017 1006)
4(889 937 1017 973)
4(963 974 1018 1007)
4(973 1017 1018 974)
4(964 975 1019 1008)
4(974 1018 1019 975)
4(965 976 1020 1009)
4(975 1019 1020 976)
4(966 977 1021 1010)
4(976 1020 1021 977)
4(967 978 1022 1011)
4(977 1021 1022 978)
4(968 979 1023 1012)
4(978 1022 1023 979)
4(969 980 1024 1013)
4(979 1023 1024 980)
4(970 981 1025 1014)
4(980 1024 1025 981)
4(971 982 1026 1015)
4(981 1025 1026 982)
4(972 983 1027 1016)
4(982 1026 1027 983)
4(983 1027 855 851)
4(973 984 1028 1017)
4(901 949 1028 984)
4(974 985 1029 1018)
4(984 1028 1029 985)
4(975 986 1030 1019)
4(985 1029 1030 986)
4(976 987 1031 1020)
4(986 1030 1031 987)
4(977 988 1032 1021)
4(987 1031 1032 988)
4(978 989 1033 1022)
4(988 1032 1033 989)
4(979 990 1034 1023)
4(989 1033 1034 990)
4(980 991 1035 1024)
4(990 1034 1035 991)
4(981 992 1036 1025)
4(991 1035 1036 992)
4(982 993 1037 1026)
4(992 1036 1037 993)
4(983 994 1038 1027)
4(993 1037 1038 994)
4(994 1038 856 852)
4(984 995 1039 1028)
4(913 961 1039 995)
4(985 996 1040 1029)
4(995 1039 1040 996)
4(986 997 1041 1030)
4(996 1040 1041 997)
4(987 998 1042 1031)
4(997 1041 1042 998)
4(988 999 1043 1032)
4(998 1042 1043 999)
4(989 1000 1044 1033)
4(999 1043 1044 1000)
4(990 1001 1045 1034)
4(1000 1044 1045 1001)
4(991 1002 1046 1035)
4(1001 1045 1046 1002)
4(992 1003 1047 1036)
4(1002 1046 1047 1003)
4(993 1004 1048 1037)
4(1003 1047 1048 1004)
4(994 1005 1049 1038)
4(1004 1048 1049 1005)
4(1005 1049 857 853)
4(902 1098 1242 950)
4(1074 1086 1242 1098)
4(903 1099 1243 951)
4(1098 1242 1243 1099)
4(904 1100 1244 952)
4(1099 1243 1244 1100)
4(905 1101 1245 953)
4(1100 1244 1245 1101)
4(906 1102 1246 954)
4(1101 1245 1246 1102)
4(907 1103 1247 955)
4(1102 1246 1247 1103)
4(908 1104 1248 956)
4(1103 1247 1248 1104)
4(909 1105 1249 957)
4(1104 1248 1249 1105)
4(910 1106 1250 958)
4(1105 1249 1250 1106)
4(911 1107 1251 959)
4(1106 1250 1251 1107)
4(912 1108 1252 960)
4(1107 1251 1252 1108)
4(1108 1252 1253 1109)
4(1098 1110 1254 1242)
4(1075 1087 1254 1110)
4(1099 1111 1255 1243)
4(1110 1254 1255 1111)
4(1100 1112 1256 1244)
4(1111 1255 1256 1112)
4(1101 1113 1257 1245)
4(1112 1256 1257 1113)
4(1102 1114 1258 1246)
4(1113 1257 1258 1114)
4(1103 1115 1259 1247)
4(1114 1258 1259 1115)
4(1104 1116 1260 1248)
4(1115 1259 1260 1116)
4(1105 1117 1261 1249)
4(1116 1260 1261 1117)
4(1106 1118 1262 1250)
4(1117 1261 1262 1118)
4(1107 1119 1263 1251)
4(1118 1262 1263 1119)
4(1108 1120 1264 1252)
4(1119 1263 1264 1120)
4(1120 1264 1265 1121)
4(1110 1122 1266 1254)
4(1076 1088 1266 1122)
4(1111 1123 1267 1255)
4(1122 1266 1267 1123)
4(1112 1124 1268 1256)
4(1123 1267 1268 1124)
4(1113 1125 1269 1257)
4(1124 1268 1269 1125)
4(1114 1126 1270 1258)
4(1125 1269 1270 1126)
4(1115 1127 1271 1259)
4(1126 1270 1271 1127)
4(1116 1128 1272 1260)
4(1127 1271 1272 1128)
4(1117 1129 1273 1261)
4(1128 1272 1273 1129)
4(1118 1130 1274 1262)
4(1129 1273 1274 1130)
4(1119 1131 1275 1263)
4(1130 1274 1275 1131)
4(1120 1132 1276 1264)
4(1131 1275 1276 1132)
4(1132 1276 1277 1133)
4(1122 1134 1278 1266)
4(1077 1089 1278 1134)
4(1123 1135 1279 1267)
4(1134 1278 1279 1135)
4(1124 1136 1280 1268)
4(1135 1279 1280 1136)
4(1125 1137 1281 1269)
4(1136 1280 1281 1137)
4(1126 1138 1282 1270)
4(1137 1281 1282 1138)
4(1127 1139 1283 1271)
4(1138 1282 1283 1139)
4(1128 1140 1284 1272)
4(1139 1283 1284 1140)
4(1129 1141 1285 1273)
4(1140 1284 1285 1141)
4(1130 1142 1286 1274)
4(1141 1285 1286 1142)
4(1131 1143 1287 1275)
4(1142 1286 1287 1143)
4(1132 1144 1288 1276)
4(1143 1287 1288 1144)
4(1144 1288 1289 1145)
4(1134 1146 1290 1278)
4(1078 1090 1290 1146)
4(1135 1147 1291 1279)
4(1146 1290 1291 1147)
4(1136 1148 1292 1280)
4(1147 1291 1292 1148)
4(1137 1149 1293 1281)
4(1148 1292 1293 1149)
4(1138 1150 1294 1282)
4(1149 1293 1294 1150)
4(1139 1151 1295 1283)
4(1150 1294 1295 1151)
4(1140 1152 1296 1284)
4(1151 1295 1296 1152)
4(1141 1153 1297 1285)
4(1152 1296 1297 1153)
4(1142 1154 1298 1286)
4(1153 1297 1298 1154)
4(1143 1155 1299 1287)
4(1154 1298 1299 1155)
4(1144 1156 1300 1288)
4(1155 1299 1300 1156)
4(1156 1300 1301 1157)
4(1146 1158 1302 1290)
4(1079 1091 1302 1158)
4(1147 1159 1303 1291)
4(1158 1302 1303 1159)
4(1148 1160 1304 1292)
4(1159 1303 1304 1160)
4(1149 1161 1305 1293)
4(1160 1304 1305 1161)
4(1150 1162 1306 1294)
4(1161 1305 1306 1162)
4(1151 1163 1307 1295)
4(1162 1306 1307 1163)
4(1152 1164 1308 1296)
4(1163 1307 1308 1164)
4(1153 1165 1309 1297)
4(1164 1308 1309 1165)
4(1154 1166 1310 1298)
4(1165 1309 1310 1166)
4(1155 1167 1311 1299)
4(1166 1310 1311 1167)
4(1156 1168 1312 1300)
4(1167 1311 1312 1168)
4(1168 1312 1313 1169)
4(1158 1170 1314 1302)
4(1080 1092 1314 1170)
4(1159 1171 1315 1303)
4(1170 1314 1315 1171)
4(1160 1172 1316 1304)
4(1171 1315 1316 1172)
4(1161 1173 1317 1305)
4(1172 1316 1317 1173)
4(1162 1174 1318 1306)
4(1173 1317 1318 1174)
4(1163 1175 1319 1307)
4(1174 1318 1319 1175)
4(1164 1176 1320 1308)
4(1175 1319 1320 1176)
4(1165 1177 1321 1309)
4(1176 1320 1321 1177)
4(1166 1178 1322 1310)
4(1177 1321 1322 1178)
4(1167 1179 1323 1311)
4(1178 1322 1323 1179)
4(1168 1180 1324 1312)
4(1179 1323 1324 1180)
4(1180 1324 1325 1181)
4(1170 1182 1326 1314)
4(1081 1093 1326 1182)
4(1171 1183 1327 1315)
4(1182 1326 1327 1183)
4(1172 1184 1328 1316)
4(1183 1327 1328 1184)
4(1173 1185 1329 1317)
4(1184 1328 1329 1185)
4(1174 1186 1330 1318)
4(1185 1329 1330 1186)
4(1175 1187 1331 1319)
4(1186 1330 1331 1187)
4(1176 1188 1332 1320)
4(1187 1331 1332 1188)
4(1177 1189 1333 1321)
4(1188 1332 1333 1189)
4(1178 1190 1334 1322)
4(1189 1333 1334 1190)
4(1179 1191 1335 1323)
4(1190 1334 1335 1191)
4(1180 1192 1336 1324)
4(1191 1335 1336 1192)
4(1192 1336 1337 1193)
4(1182 1194 1338 1326)
4(1082 1094 1338 1194)
4(1183 1195 1339 1327)
4(1194 1338 1339 1195)
4(1184 1196 1340 1328)
4(1195 1339 1340 1196)
4(1185 1197 1341 1329)
4(1196 1340 1341 1197)
4(1186 1198 1342 1330)
4(1197 1341 1342 1198)
4(1187 1199 1343 1331)
4(1198 1342 1343 1199)
4(1188 1200 1344 1332)
4(1199 1343 1344 1200)
4(1189 1201 1345 1333)
4(1200 1344 1345 1201)
4(1190 1202 1346 1334)
4(1201 1345 1346 1202)
4(1191 1203 1347 1335)
4(1202 1346 1347 1203)
4(1192 1204 1348 1336)
4(1203 1347 1348 1204)
4(1204 1348 1349 1205)
4(1194 1206 1350 1338)
4(1083 1095 1350 1206)
4(1195 1207 1351 1339)
4(1206 1350 1351 1207)
4(1196 1208 1352 1340)
4(1207 1351 1352 1208)
4(1197 1209 1353 1341)
4(1208 1352 1353 1209)
4(1198 1210 1354 1342)
4(1209 1353 1354 1210)
4(1199 1211 1355 1343)
4(1210 1354 1355 1211)
4(1200 1212 1356 1344)
4(1211 1355 1356 1212)
4(1201 1213 1357 1345)
4(1212 1356 1357 1213)
4(1202 1214 1358 1346)
4(1213 1357 1358 1214)
4(1203 1215 1359 1347)
4(1214 1358 1359 1215)
4(1204 1216 1360 1348)
4(1215 1359 1360 1216)
4(1216 1360 1361 1217)
4(1206 1218 1362 1350)
4(1084 1096 1362 1218)
4(1207 1219 1363 1351)
4(1218 1362 1363 1219)
4(1208 1220 1364 1352)
4(1219 1363 1364 1220)
4(1209 1221 1365 1353)
4(1220 1364 1365 1221)
4(1210 1222 1366 1354)
4(1221 1365 1366 1222)
4(1211 1223 1367 1355)
4(1222 1366 1367 1223)
4(1212 1224 1368 1356)
4(1223 1367 1368 1224)
4(1213 1225 1369 1357)
4(1224 1368 1369 1225)
4(1214 1226 1370 1358)
4(1225 1369 1370 1226)
4(1215 1227 1371 1359)
4(1226 1370 1371 1227)
4(1216 1228 1372 1360)
4(1227 1371 1372 1228)
4(1228 1372 1373 1229)
4(1218 1230 1374 1362)
4(1219 1231 1375 1363)
4(1220 1232 1376 1364)
4(1221 1233 1377 1365)
4(1222 1234 1378 1366)
4(1223 1235 1379 1367)
4(1224 1236 1380 1368)
4(1225 1237 1381 1369)
4(1226 1238 1382 1370)
4(1227 1239 1383 1371)
4(1228 1240 1384 1372)
4(995 1387 1531 1039)
4(1386 1530 1531 1387)
4(996 1388 1532 1040)
4(1387 1531 1532 1388)
4(997 1389 1533 1041)
4(1388 1532 1533 1389)
4(998 1390 1534 1042)
4(1389 1533 1534 1390)
4(999 1391 1535 1043)
4(1390 1534 1535 1391)
4(1000 1392 1536 1044)
4(1391 1535 1536 1392)
4(1001 1393 1537 1045)
4(1392 1536 1537 1393)
4(1002 1394 1538 1046)
4(1393 1537 1538 1394)
4(1003 1395 1539 1047)
4(1394 1538 1539 1395)
4(1004 1396 1540 1048)
4(1395 1539 1540 1396)
4(1005 1397 1541 1049)
4(1396 1540 1541 1397)
4(1397 1541 1062 1050)
4(1387 1399 1543 1531)
4(1398 1542 1543 1399)
4(1388 1400 1544 1532)
4(1399 1543 1544 1400)
4(1389 1401 1545 1533)
4(1400 1544 1545 1401)
4(1390 1402 1546 1534)
4(1401 1545 1546 1402)
4(1391 1403 1547 1535)
4(1402 1546 1547 1403)
4(1392 1404 1548 1536)
4(1403 1547 1548 1404)
4(1393 1405 1549 1537)
4(1404 1548 1549 1405)
4(1394 1406 1550 1538)
4(1405 1549 1550 1406)
4(1395 1407 1551 1539)
4(1406 1550 1551 1407)
4(1396 1408 1552 1540)
4(1407 1551 1552 1408)
4(1397 1409 1553 1541)
4(1408 1552 1553 1409)
4(1409 1553 1063 1051)
4(1399 1411 1555 1543)
4(1410 1554 1555 1411)
4(1400 1412 1556 1544)
4(1411 1555 1556 1412)
4(1401 1413 1557 1545)
4(1412 1556 1557 1413)
4(1402 1414 1558 1546)
4(1413 1557 1558 1414)
4(1403 1415 1559 1547)
4(1414 1558 1559 1415)
4(1404 1416 1560 1548)
4(1415 1559 1560 1416)
4(1405 1417 1561 1549)
4(1416 1560 1561 1417)
4(1406 1418 1562 1550)
4(1417 1561 1562 1418)
4(1407 1419 1563 1551)
4(1418 1562 1563 1419)
4(1408 1420 1564 1552)
4(1419 1563 1564 1420)
4(1409 1421 1565 1553)
4(1420 1564 1565 1421)
4(1421 1565 1064 1052)
4(1411 1423 1567 1555)
4(1422 1566 1567 1423)
4(1412 1424 1568 1556)
4(1423 1567 1568 1424)
4(1413 1425 1569 1557)
4(1424 1568 1569 1425)
4(1414 1426 1570 1558)
4(1425 1569 1570 1426)
4(1415 1427 1571 1559)
4(1426 1570 1571 1427)
4(1416 1428 1572 1560)
4(1427 1571 1572 1428)
4(1417 1429 1573 1561)
4(1428 1572 1573 1429)
4(1418 1430 1574 1562)
4(1429 1573 1574 1430)
4(1419 1431 1575 1563)
4(1430 1574 1575 1431)
4(1420 1432 1576 1564)
4(1431 1575 1576 1432)
4(1421 1433 1577 1565)
4(1432 1576 1577 1433)
4(1433 1577 1065 1053)
4(1423 1435 1579 1567)
4(1434 1578 1579 1435)
4(1424 1436 1580 1568)
4(1435 1579 1580 1436)
4(1425 1437 1581 1569)
4(1436 1580 1581 1437)
4(1426 1438 1582 1570)
4(1437 1581 1582 1438)
4(1427 1439 1583 1571)
4(1438 1582 1583 1439)
4(1428 1440 1584 1572)
4(1439 1583 1584 1440)
4(1429 1441 1585 1573)
4(1440 1584 1585 1441)
4(1430 1442 1586 1574)
4(1441 1585 1586 1442)
4(1431 1443 1587 1575)
4(1442 1586 1587 1443)
4(1432 1444 1588 1576)
4(1443 1587 1588 1444)
4(1433 1445 1589 1577)
4(1444 1588 1589 1445)
4(1445 1589 1066 1054)
4(1435 1447 1591 1579)
4(1446 1590 1591 1447)
4(1436 1448 1592 1580)
4(1447 1591 1592 1448)
4(1437 1449 1593 1581)
4(1448 1592 1593 1449)
4(1438 1450 1594 1582)
4(1449 1593 1594 1450)
4(1439 1451 1595 1583)
4(1450 1594 1595 1451)
4(1440 1452 1596 1584)
4(1451 1595 1596 1452)
4(1441 1453 1597 1585)
4(1452 1596 1597 1453)
4(1442 1454 1598 1586)
4(1453 1597 1598 1454)
4(1443 1455 1599 1587)
4(1454 1598 1599 1455)
4(1444 1456 1600 1588)
4(1455 1599 1600 1456)
4(1445 1457 1601 1589)
4(1456 1600 1601 1457)
4(1457 1601 1067 1055)
4(1447 1459 1603 1591)
4(1458 1602 1603 1459)
4(1448 1460 1604 1592)
4(1459 1603 1604 1460)
4(1449 1461 1605 1593)
4(1460 1604 1605 1461)
4(1450 1462 1606 1594)
4(1461 1605 1606 1462)
4(1451 1463 1607 1595)
4(1462 1606 1607 1463)
4(1452 1464 1608 1596)
4(1463 1607 1608 1464)
4(1453 1465 1609 1597)
4(1464 1608 1609 1465)
4(1454 1466 1610 1598)
4(1465 1609 1610 1466)
4(1455 1467 1611 1599)
4(1466 1610 1611 1467)
4(1456 1468 1612 1600)
4(1467 1611 1612 1468)
4(1457 1469 1613 1601)
4(1468 1612 1613 1469)
4(1469 1613 1068 1056)
4(1459 1471 1615 1603)
4(1470 1614 1615 1471)
4(1460 1472 1616 1604)
4(1471 1615 1616 1472)
4(1461 1473 1617 1605)
4(1472 1616 1617 1473)
4(1462 1474 1618 1606)
4(1473 1617 1618 1474)
4(1463 1475 1619 1607)
4(1474 1618 1619 1475)
4(1464 1476 1620 1608)
4(1475 1619 1620 1476)
4(1465 1477 1621 1609)
4(1476 1620 1621 1477)
4(1466 1478 1622 1610)
4(1477 1621 1622 1478)
4(1467 1479 1623 1611)
4(1478 1622 1623 1479)
4(1468 1480 1624 1612)
4(1479 1623 1624 1480)
4(1469 1481 1625 1613)
4(1480 1624 1625 1481)
4(1481 1625 1069 1057)
4(1471 1483 1627 1615)
4(1482 1626 1627 1483)
4(1472 1484 1628 1616)
4(1483 1627 1628 1484)
4(1473 1485 1629 1617)
4(1484 1628 1629 1485)
4(1474 1486 1630 1618)
4(1485 1629 1630 1486)
4(1475 1487 1631 1619)
4(1486 1630 1631 1487)
4(1476 1488 1632 1620)
4(1487 1631 1632 1488)
4(1477 1489 1633 1621)
4(1488 1632 1633 1489)
4(1478 1490 1634 1622)
4(1489 1633 1634 1490)
4(1479 1491 1635 1623)
4(1490 1634 1635 1491)
4(1480 1492 1636 1624)
4(1491 1635 1636 1492)
4(1481 1493 1637 1625)
4(1492 1636 1637 1493)
4(1493 1637 1070 1058)
4(1483 1495 1639 1627)
4(1494 1638 1639 1495)
4(1484 1496 1640 1628)
4(1495 1639 1640 1496)
4(1485 1497 1641 1629)
4(1496 1640 1641 1497)
4(1486 1498 1642 1630)
4(1497 1641 1642 1498)
4(1487 1499 1643 1631)
4(1498 1642 1643 1499)
4(1488 1500 1644 1632)
4(1499 1643 1644 1500)
4(1489 1501 1645 1633)
4(1500 1644 1645 1501)
4(1490 1502 1646 1634)
4(1501 1645 1646 1502)
4(1491 1503 1647 1635)
4(1502 1646 1647 1503)
4(1492 1504 1648 1636)
4(1503 1647 1648 1504)
4(1493 1505 1649 1637)
4(1504 1648 1649 1505)
4(1505 1649 1071 1059)
4(1495 1507 1651 1639)
4(1506 1650 1651 1507)
4(1496 1508 1652 1640)
4(1507 1651 1652 1508)
4(1497 1509 1653 1641)
4(1508 1652 1653 1509)
4(1498 1510 1654 1642)
4(1509 1653 1654 1510)
4(1499 1511 1655 1643)
4(1510 1654 1655 1511)
4(1500 1512 1656 1644)
4(1511 1655 1656 1512)
4(1501 1513 1657 1645)
4(1512 1656 1657 1513)
4(1502 1514 1658 1646)
4(1513 1657 1658 1514)
4(1503 1515 1659 1647)
4(1514 1658 1659 1515)
4(1504 1516 1660 1648)
4(1515 1659 1660 1516)
4(1505 1517 1661 1649)
4(1516 1660 1661 1517)
4(1517 1661 1072 1060)
4(1507 1519 1663 1651)
4(1508 1520 1664 1652)
4(1509 1521 1665 1653)
4(1510 1522 1666 1654)
4(1511 1523 1667 1655)
4(1512 1524 1668 1656)
4(1513 1525 1669 1657)
4(1514 1526 1670 1658)
4(1515 1527 1671 1659)
4(1516 1528 1672 1660)
4(1517 1529 1673 1661)
4(4 5 173 172)
4(5 6 174 173)
4(6 7 175 174)
4(7 8 176 175)
4(8 9 177 176)
4(9 10 178 177)
4(10 11 179 178)
4(11 12 180 179)
4(12 13 181 180)
4(13 14 182 181)
4(14 15 183 182)
4(15 16 184 183)
4(16 340 495 184)
4(340 341 496 495)
4(341 342 497 496)
4(342 343 498 497)
4(343 344 499 498)
4(344 345 500 499)
4(345 346 501 500)
4(346 347 502 501)
4(347 348 503 502)
4(348 349 504 503)
4(349 350 505 504)
4(350 351 506 505)
4(351 363 518 506)
4(363 375 530 518)
4(375 387 542 530)
4(387 399 554 542)
4(399 411 566 554)
4(411 423 578 566)
4(423 435 590 578)
4(435 447 602 590)
4(447 459 614 602)
4(459 471 626 614)
4(471 483 638 626)
4(483 0 1 638)
4(4 172 185 17)
4(17 185 198 30)
4(30 198 211 43)
4(43 211 224 56)
4(56 224 237 69)
4(69 237 250 82)
4(82 250 263 95)
4(95 263 276 108)
4(108 276 289 121)
4(121 289 302 134)
4(134 302 315 147)
4(147 315 3 2)
4(1085 1097 1374 1230)
4(1230 1374 1375 1231)
4(1231 1375 1376 1232)
4(1232 1376 1377 1233)
4(1233 1377 1378 1234)
4(1234 1378 1379 1235)
4(1235 1379 1380 1236)
4(1236 1380 1381 1237)
4(1237 1381 1382 1238)
4(1238 1382 1383 1239)
4(1239 1383 1384 1240)
4(1240 1384 1385 1241)
4(1518 1662 1663 1519)
4(1519 1663 1664 1520)
4(1520 1664 1665 1521)
4(1521 1665 1666 1522)
4(1522 1666 1667 1523)
4(1523 1667 1668 1524)
4(1524 1668 1669 1525)
4(1525 1669 1670 1526)
4(1526 1670 1671 1527)
4(1527 1671 1672 1528)
4(1528 1672 1673 1529)
4(1529 1673 1073 1061)
4(913 961 1530 1386)
4(1386 1530 1542 1398)
4(1398 1542 1554 1410)
4(1410 1554 1566 1422)
4(1422 1566 1578 1434)
4(1434 1578 1590 1446)
4(1446 1590 1602 1458)
4(1458 1602 1614 1470)
4(1470 1614 1626 1482)
4(1482 1626 1638 1494)
4(1494 1638 1650 1506)
4(1506 1650 1662 1518)
4(913 1109 1253 961)
4(1109 1121 1265 1253)
4(1121 1133 1277 1265)
4(1133 1145 1289 1277)
4(1145 1157 1301 1289)
4(1157 1169 1313 1301)
4(1169 1181 1325 1313)
4(1181 1193 1337 1325)
4(1193 1205 1349 1337)
4(1205 1217 1361 1349)
4(1217 1229 1373 1361)
4(1229 1241 1385 1373)
4(172 173 186 185)
4(185 186 199 198)
4(198 199 212 211)
4(211 212 225 224)
4(224 225 238 237)
4(237 238 251 250)
4(250 251 264 263)
4(263 264 277 276)
4(276 277 290 289)
4(289 290 303 302)
4(302 303 316 315)
4(315 316 328 3)
4(173 174 187 186)
4(186 187 200 199)
4(199 200 213 212)
4(212 213 226 225)
4(225 226 239 238)
4(238 239 252 251)
4(251 252 265 264)
4(264 265 278 277)
4(277 278 291 290)
4(290 291 304 303)
4(303 304 317 316)
4(316 317 329 328)
4(174 175 188 187)
4(187 188 201 200)
4(200 201 214 213)
4(213 214 227 226)
4(226 227 240 239)
4(239 240 253 252)
4(252 253 266 265)
4(265 266 279 278)
4(278 279 292 291)
4(291 292 305 304)
4(304 305 318 317)
4(317 318 330 329)
4(175 176 189 188)
4(188 189 202 201)
4(201 202 215 214)
4(214 215 228 227)
4(227 228 241 240)
4(240 241 254 253)
4(253 254 267 266)
4(266 267 280 279)
4(279 280 293 292)
4(292 293 306 305)
4(305 306 319 318)
4(318 319 331 330)
4(176 177 190 189)
4(189 190 203 202)
4(202 203 216 215)
4(215 216 229 228)
4(228 229 242 241)
4(241 242 255 254)
4(254 255 268 267)
4(267 268 281 280)
4(280 281 294 293)
4(293 294 307 306)
4(306 307 320 319)
4(319 320 332 331)
4(177 178 191 190)
4(190 191 204 203)
4(203 204 217 216)
4(216 217 230 229)
4(229 230 243 242)
4(242 243 256 255)
4(255 256 269 268)
4(268 269 282 281)
4(281 282 295 294)
4(294 295 308 307)
4(307 308 321 320)
4(320 321 333 332)
4(178 179 192 191)
4(191 192 205 204)
4(204 205 218 217)
4(217 218 231 230)
4(230 231 244 243)
4(243 244 257 256)
4(256 257 270 269)
4(269 270 283 282)
4(282 283 296 295)
4(295 296 309 308)
4(308 309 322 321)
4(321 322 334 333)
4(179 180 193 192)
4(192 193 206 205)
4(205 206 219 218)
4(218 219 232 231)
4(231 232 245 244)
4(244 245 258 257)
4(257 258 271 270)
4(270 271 284 283)
4(283 284 297 296)
4(296 297 310 309)
4(309 310 323 322)
4(322 323 335 334)
4(180 181 194 193)
4(193 194 207 206)
4(206 207 220 219)
4(219 220 233 232)
4(232 233 246 245)
4(245 246 259 258)
4(258 259 272 271)
4(271 272 285 284)
4(284 285 298 297)
4(297 298 311 310)
4(310 311 324 323)
4(323 324 336 335)
4(181 182 195 194)
4(194 195 208 207)
4(207 208 221 220)
4(220 221 234 233)
4(233 234 247 246)
4(246 247 260 259)
4(259 260 273 272)
4(272 273 286 285)
4(285 286 299 298)
4(298 299 312 311)
4(311 312 325 324)
4(324 325 337 336)
4(182 183 196 195)
4(195 196 209 208)
4(208 209 222 221)
4(221 222 235 234)
4(234 235 248 247)
4(247 248 261 260)
4(260 261 274 273)
4(273 274 287 286)
4(286 287 300 299)
4(299 300 313 312)
4(312 313 326 325)
4(325 326 338 337)
4(183 184 197 196)
4(196 197 210 209)
4(209 210 223 222)
4(222 223 236 235)
4(235 236 249 248)
4(248 249 262 261)
4(261 262 275 274)
4(274 275 288 287)
4(287 288 301 300)
4(300 301 314 313)
4(313 314 327 326)
4(326 327 339 338)
4(184 495 507 197)
4(197 507 519 210)
4(210 519 531 223)
4(223 531 543 236)
4(236 543 555 249)
4(249 555 567 262)
4(262 567 579 275)
4(275 579 591 288)
4(288 591 603 301)
4(301 603 615 314)
4(314 615 627 327)
4(327 627 639 339)
4(495 496 508 507)
4(507 508 520 519)
4(519 520 532 531)
4(531 532 544 543)
4(543 544 556 555)
4(555 556 568 567)
4(567 568 580 579)
4(579 580 592 591)
4(591 592 604 603)
4(603 604 616 615)
4(615 616 628 627)
4(627 628 640 639)
4(496 497 509 508)
4(508 509 521 520)
4(520 521 533 532)
4(532 533 545 544)
4(544 545 557 556)
4(556 557 569 568)
4(568 569 581 580)
4(580 581 593 592)
4(592 593 605 604)
4(604 605 617 616)
4(616 617 629 628)
4(628 629 641 640)
4(497 498 510 509)
4(509 510 522 521)
4(521 522 534 533)
4(533 534 546 545)
4(545 546 558 557)
4(557 558 570 569)
4(569 570 582 581)
4(581 582 594 593)
4(593 594 606 605)
4(605 606 618 617)
4(617 618 630 629)
4(629 630 642 641)
4(498 499 511 510)
4(510 511 523 522)
4(522 523 535 534)
4(534 535 547 546)
4(546 547 559 558)
4(558 559 571 570)
4(570 571 583 582)
4(582 583 595 594)
4(594 595 607 606)
4(606 607 619 618)
4(618 619 631 630)
4(630 631 643 642)
4(499 500 512 511)
4(511 512 524 523)
4(523 524 536 535)
4(535 536 548 547)
4(547 548 560 559)
4(559 560 572 571)
4(571 572 584 583)
4(583 584 596 595)
4(595 596 608 607)
4(607 608 620 619)
4(619 620 632 631)
4(631 632 644 643)
4(500 501 513 512)
4(512 513 525 524)
4(524 525 537 536)
4(536 537 549 548)
4(548 549 561 560)
4(560 561 573 572)
4(572 573 585 584)
4(584 585 597 596)
4(596 597 609 608)
4(608 609 621 620)
4(620 621 633 632)
4(632 633 645 644)
4(501 502 514 513)
4(513 514 526 525)
4(525 526 538 537)
4(537 538 550 549)
4(549 550 562 561)
4(561 562 574 573)
4(573 574 586 585)
4(585 586 598 597)
4(597 598 610 609)
4(609 610 622 621)
4(621 622 634 633)
4(633 634 646 645)
4(502 503 515 514)
4(514 515 527 526)
4(526 527 539 538)
4(538 539 551 550)
4(550 551 563 562)
4(562 563 575 574)
4(574 575 587 586)
4(586 587 599 598)
4(598 599 611 610)
4(610 611 623 622)
4(622 623 635 634)
4(634 635 647 646)
4(503 504 516 515)
4(515 516 528 527)
4(527 528 540 539)
4(539 540 552 551)
4(551 552 564 563)
4(563 564 576 575)
4(575 576 588 587)
4(587 588 600 599)
4(599 600 612 611)
4(611 612 624 623)
4(623 624 636 635)
4(635 636 648 647)
4(504 505 517 516)
4(516 517 529 528)
4(528 529 541 540)
4(540 541 553 552)
4(552 553 565 564)
4(564 565 577 576)
4(576 577 589 588)
4(588 589 601 600)
4(600 601 613 612)
4(612 613 625 624)
4(624 625 637 636)
4(636 637 649 648)
4(505 506 518 517)
4(517 518 530 529)
4(529 530 542 541)
4(541 542 554 553)
4(553 554 566 565)
4(565 566 578 577)
4(577 578 590 589)
4(589 590 602 601)
4(601 602 614 613)
4(613 614 626 625)
4(625 626 638 637)
4(637 638 1 649)
4(3 328 714 662)
4(662 714 726 663)
4(663 726 738 664)
4(664 738 750 665)
4(328 329 715 714)
4(714 715 727 726)
4(726 727 739 738)
4(738 739 751 750)
4(329 330 716 715)
4(715 716 728 727)
4(727 728 740 739)
4(739 740 752 751)
4(330 331 717 716)
4(716 717 729 728)
4(728 729 741 740)
4(740 741 753 752)
4(331 332 718 717)
4(717 718 730 729)
4(729 730 742 741)
4(741 742 754 753)
4(332 333 719 718)
4(718 719 731 730)
4(730 731 743 742)
4(742 743 755 754)
4(333 334 720 719)
4(719 720 732 731)
4(731 732 744 743)
4(743 744 756 755)
4(334 335 721 720)
4(720 721 733 732)
4(732 733 745 744)
4(744 745 757 756)
4(335 336 722 721)
4(721 722 734 733)
4(733 734 746 745)
4(745 746 758 757)
4(336 337 723 722)
4(722 723 735 734)
4(734 735 747 746)
4(746 747 759 758)
4(337 338 724 723)
4(723 724 736 735)
4(735 736 748 747)
4(747 748 760 759)
4(338 339 725 724)
4(724 725 737 736)
4(736 737 749 748)
4(748 749 761 760)
4(339 639 806 725)
4(725 806 817 737)
4(737 817 828 749)
4(749 828 839 761)
4(639 640 807 806)
4(806 807 818 817)
4(817 818 829 828)
4(828 829 840 839)
4(640 641 808 807)
4(807 808 819 818)
4(818 819 830 829)
4(829 830 841 840)
4(641 642 809 808)
4(808 809 820 819)
4(819 820 831 830)
4(830 831 842 841)
4(642 643 810 809)
4(809 810 821 820)
4(820 821 832 831)
4(831 832 843 842)
4(643 644 811 810)
4(810 811 822 821)
4(821 822 833 832)
4(832 833 844 843)
4(644 645 812 811)
4(811 812 823 822)
4(822 823 834 833)
4(833 834 845 844)
4(645 646 813 812)
4(812 813 824 823)
4(823 824 835 834)
4(834 835 846 845)
4(646 647 814 813)
4(813 814 825 824)
4(824 825 836 835)
4(835 836 847 846)
4(647 648 815 814)
4(814 815 826 825)
4(825 826 837 836)
4(836 837 848 847)
4(648 649 816 815)
4(815 816 827 826)
4(826 827 838 837)
4(837 838 849 848)
4(649 1 654 816)
4(816 654 655 827)
4(827 655 656 838)
4(838 656 657 849)
4(665 750 914 862)
4(862 914 926 863)
4(863 926 938 864)
4(864 938 950 865)
4(750 751 915 914)
4(914 915 927 926)
4(926 927 939 938)
4(938 939 951 950)
4(751 752 916 915)
4(915 916 928 927)
4(927 928 940 939)
4(939 940 952 951)
4(752 753 917 916)
4(916 917 929 928)
4(928 929 941 940)
4(940 941 953 952)
4(753 754 918 917)
4(917 918 930 929)
4(929 930 942 941)
4(941 942 954 953)
4(754 755 919 918)
4(918 919 931 930)
4(930 931 943 942)
4(942 943 955 954)
4(755 756 920 919)
4(919 920 932 931)
4(931 932 944 943)
4(943 944 956 955)
4(756 757 921 920)
4(920 921 933 932)
4(932 933 945 944)
4(944 945 957 956)
4(757 758 922 921)
4(921 922 934 933)
4(933 934 946 945)
4(945 946 958 957)
4(758 759 923 922)
4(922 923 935 934)
4(934 935 947 946)
4(946 947 959 958)
4(759 760 924 923)
4(923 924 936 935)
4(935 936 948 947)
4(947 948 960 959)
4(760 761 925 924)
4(924 925 937 936)
4(936 937 949 948)
4(948 949 961 960)
4(761 839 1006 925)
4(925 1006 1017 937)
4(937 1017 1028 949)
4(949 1028 1039 961)
4(839 840 1007 1006)
4(1006 1007 1018 1017)
4(1017 1018 1029 1028)
4(1028 1029 1040 1039)
4(840 841 1008 1007)
4(1007 1008 1019 1018)
4(1018 1019 1030 1029)
4(1029 1030 1041 1040)
4(841 842 1009 1008)
4(1008 1009 1020 1019)
4(1019 1020 1031 1030)
4(1030 1031 1042 1041)
4(842 843 1010 1009)
4(1009 1010 1021 1020)
4(1020 1021 1032 1031)
4(1031 1032 1043 1042)
4(843 844 1011 1010)
4(1010 1011 1022 1021)
4(1021 1022 1033 1032)
4(1032 1033 1044 1043)
4(844 845 1012 1011)
4(1011 1012 1023 1022)
4(1022 1023 1034 1033)
4(1033 1034 1045 1044)
4(845 846 1013 1012)
4(1012 1013 1024 1023)
4(1023 1024 1035 1034)
4(1034 1035 1046 1045)
4(846 847 1014 1013)
4(1013 1014 1025 1024)
4(1024 1025 1036 1035)
4(1035 1036 1047 1046)
4(847 848 1015 1014)
4(1014 1015 1026 1025)
4(1025 1026 1037 1036)
4(1036 1037 1048 1047)
4(848 849 1016 1015)
4(1015 1016 1027 1026)
4(1026 1027 1038 1037)
4(1037 1038 1049 1048)
4(849 657 854 1016)
4(1016 854 855 1027)
4(1027 855 856 1038)
4(1038 856 857 1049)
4(865 950 1242 1086)
4(1086 1242 1254 1087)
4(1087 1254 1266 1088)
4(1088 1266 1278 1089)
4(1089 1278 1290 1090)
4(1090 1290 1302 1091)
4(1091 1302 1314 1092)
4(1092 1314 1326 1093)
4(1093 1326 1338 1094)
4(1094 1338 1350 1095)
4(1095 1350 1362 1096)
4(1096 1362 1374 1097)
4(950 951 1243 1242)
4(1242 1243 1255 1254)
4(1254 1255 1267 1266)
4(1266 1267 1279 1278)
4(1278 1279 1291 1290)
4(1290 1291 1303 1302)
4(1302 1303 1315 1314)
4(1314 1315 1327 1326)
4(1326 1327 1339 1338)
4(1338 1339 1351 1350)
4(1350 1351 1363 1362)
4(1362 1363 1375 1374)
4(951 952 1244 1243)
4(1243 1244 1256 1255)
4(1255 1256 1268 1267)
4(1267 1268 1280 1279)
4(1279 1280 1292 1291)
4(1291 1292 1304 1303)
4(1303 1304 1316 1315)
4(1315 1316 1328 1327)
4(1327 1328 1340 1339)
4(1339 1340 1352 1351)
4(1351 1352 1364 1363)
4(1363 1364 1376 1375)
4(952 953 1245 1244)
4(1244 1245 1257 1256)
4(1256 1257 1269 1268)
4(1268 1269 1281 1280)
4(1280 1281 1293 1292)
4(1292 1293 1305 1304)
4(1304 1305 1317 1316)
4(1316 1317 1329 1328)
4(1328 1329 1341 1340)
4(1340 1341 1353 1352)
4(1352 1353 1365 1364)
4(1364 1365 1377 1376)
4(953 954 1246 1245)
4(1245 1246 1258 1257)
4(1257 1258 1270 1269)
4(1269 1270 1282 1281)
4(1281 1282 1294 1293)
4(1293 1294 1306 1305)
4(1305 1306 1318 1317)
4(1317 1318 1330 1329)
4(1329 1330 1342 1341)
4(1341 1342 1354 1353)
4(1353 1354 1366 1365)
4(1365 1366 1378 1377)
4(954 955 1247 1246)
4(1246 1247 1259 1258)
4(1258 1259 1271 1270)
4(1270 1271 1283 1282)
4(1282 1283 1295 1294)
4(1294 1295 1307 1306)
4(1306 1307 1319 1318)
4(1318 1319 1331 1330)
4(1330 1331 1343 1342)
4(1342 1343 1355 1354)
4(1354 1355 1367 1366)
4(1366 1367 1379 1378)
4(955 956 1248 1247)
4(1247 1248 1260 1259)
4(1259 1260 1272 1271)
4(1271 1272 1284 1283)
4(1283 1284 1296 1295)
4(1295 1296 1308 1307)
4(1307 1308 1320 1319)
4(1319 1320 1332 1331)
4(1331 1332 1344 1343)
4(1343 1344 1356 1355)
4(1355 1356 1368 1367)
4(1367 1368 1380 1379)
4(956 957 1249 1248)
4(1248 1249 1261 1260)
4(1260 1261 1273 1272)
4(1272 1273 1285 1284)
4(1284 1285 1297 1296)
4(1296 1297 1309 1308)
4(1308 1309 1321 1320)
4(1320 1321 1333 1332)
4(1332 1333 1345 1344)
4(1344 1345 1357 1356)
4(1356 1357 1369 1368)
4(1368 1369 1381 1380)
4(957 958 1250 1249)
4(1249 1250 1262 1261)
4(1261 1262 1274 1273)
4(1273 1274 1286 1285)
4(1285 1286 1298 1297)
4(1297 1298 1310 1309)
4(1309 1310 1322 1321)
4(1321 1322 1334 1333)
4(1333 1334 1346 1345)
4(1345 1346 1358 1357)
4(1357 1358 1370 1369)
4(1369 1370 1382 1381)
4(958 959 1251 1250)
4(1250 1251 1263 1262)
4(1262 1263 1275 1274)
4(1274 1275 1287 1286)
4(1286 1287 1299 1298)
4(1298 1299 1311 1310)
4(1310 1311 1323 1322)
4(1322 1323 1335 1334)
4(1334 1335 1347 1346)
4(1346 1347 1359 1358)
4(1358 1359 1371 1370)
4(1370 1371 1383 1382)
4(959 960 1252 1251)
4(1251 1252 1264 1263)
4(1263 1264 1276 1275)
4(1275 1276 1288 1287)
4(1287 1288 1300 1299)
4(1299 1300 1312 1311)
4(1311 1312 1324 1323)
4(1323 1324 1336 1335)
4(1335 1336 1348 1347)
4(1347 1348 1360 1359)
4(1359 1360 1372 1371)
4(1371 1372 1384 1383)
4(960 961 1253 1252)
4(1252 1253 1265 1264)
4(1264 1265 1277 1276)
4(1276 1277 1289 1288)
4(1288 1289 1301 1300)
4(1300 1301 1313 1312)
4(1312 1313 1325 1324)
4(1324 1325 1337 1336)
4(1336 1337 1349 1348)
4(1348 1349 1361 1360)
4(1360 1361 1373 1372)
4(1372 1373 1385 1384)
4(961 1039 1531 1530)
4(1530 1531 1543 1542)
4(1542 1543 1555 1554)
4(1554 1555 1567 1566)
4(1566 1567 1579 1578)
4(1578 1579 1591 1590)
4(1590 1591 1603 1602)
4(1602 1603 1615 1614)
4(1614 1615 1627 1626)
4(1626 1627 1639 1638)
4(1638 1639 1651 1650)
4(1650 1651 1663 1662)
4(1039 1040 1532 1531)
4(1531 1532 1544 1543)
4(1543 1544 1556 1555)
4(1555 1556 1568 1567)
4(1567 1568 1580 1579)
4(1579 1580 1592 1591)
4(1591 1592 1604 1603)
4(1603 1604 1616 1615)
4(1615 1616 1628 1627)
4(1627 1628 1640 1639)
4(1639 1640 1652 1651)
4(1651 1652 1664 1663)
4(1040 1041 1533 1532)
4(1532 1533 1545 1544)
4(1544 1545 1557 1556)
4(1556 1557 1569 1568)
4(1568 1569 1581 1580)
4(1580 1581 1593 1592)
4(1592 1593 1605 1604)
4(1604 1605 1617 1616)
4(1616 1617 1629 1628)
4(1628 1629 1641 1640)
4(1640 1641 1653 1652)
4(1652 1653 1665 1664)
4(1041 1042 1534 1533)
4(1533 1534 1546 1545)
4(1545 1546 1558 1557)
4(1557 1558 1570 1569)
4(1569 1570 1582 1581)
4(1581 1582 1594 1593)
4(1593 1594 1606 1605)
4(1605 1606 1618 1617)
4(1617 1618 1630 1629)
4(1629 1630 1642 1641)
4(1641 1642 1654 1653)
4(1653 1654 1666 1665)
4(1042 1043 1535 1534)
4(1534 1535 1547 1546)
4(1546 1547 1559 1558)
4(1558 1559 1571 1570)
4(1570 1571 1583 1582)
4(1582 1583 1595 1594)
4(1594 1595 1607 1606)
4(1606 1607 1619 1618)
4(1618 1619 1631 1630)
4(1630 1631 1643 1642)
4(1642 1643 1655 1654)
4(1654 1655 1667 1666)
4(1043 1044 1536 1535)
4(1535 1536 1548 1547)
4(1547 1548 1560 1559)
4(1559 1560 1572 1571)
4(1571 1572 1584 1583)
4(1583 1584 1596 1595)
4(1595 1596 1608 1607)
4(1607 1608 1620 1619)
4(1619 1620 1632 1631)
4(1631 1632 1644 1643)
4(1643 1644 1656 1655)
4(1655 1656 1668 1667)
4(1044 1045 1537 1536)
4(1536 1537 1549 1548)
4(1548 1549 1561 1560)
4(1560 1561 1573 1572)
4(1572 1573 1585 1584)
4(1584 1585 1597 1596)
4(1596 1597 1609 1608)
4(1608 1609 1621 1620)
4(1620 1621 1633 1632)
4(1632 1633 1645 1644)
4(1644 1645 1657 1656)
4(1656 1657 1669 1668)
4(1045 1046 1538 1537)
4(1537 1538 1550 1549)
4(1549 1550 1562 1561)
4(1561 1562 1574 1573)
4(1573 1574 1586 1585)
4(1585 1586 1598 1597)
4(1597 1598 1610 1609)
4(1609 1610 1622 1621)
4(1621 1622 1634 1633)
4(1633 1634 1646 1645)
4(1645 1646 1658 1657)
4(1657 1658 1670 1669)
4(1046 1047 1539 1538)
4(1538 1539 1551 1550)
4(1550 1551 1563 1562)
4(1562 1563 1575 1574)
4(1574 1575 1587 1586)
4(1586 1587 1599 1598)
4(1598 1599 1611 1610)
4(1610 1611 1623 1622)
4(1622 1623 1635 1634)
4(1634 1635 1647 1646)
4(1646 1647 1659 1658)
4(1658 1659 1671 1670)
4(1047 1048 1540 1539)
4(1539 1540 1552 1551)
4(1551 1552 1564 1563)
4(1563 1564 1576 1575)
4(1575 1576 1588 1587)
4(1587 1588 1600 1599)
4(1599 1600 1612 1611)
4(1611 1612 1624 1623)
4(1623 1624 1636 1635)
4(1635 1636 1648 1647)
4(1647 1648 1660 1659)
4(1659 1660 1672 1671)
4(1048 1049 1541 1540)
4(1540 1541 1553 1552)
4(1552 1553 1565 1564)
4(1564 1565 1577 1576)
4(1576 1577 1589 1588)
4(1588 1589 1601 1600)
4(1600 1601 1613 1612)
4(1612 1613 1625 1624)
4(1624 1625 1637 1636)
4(1636 1637 1649 1648)
4(1648 1649 1661 1660)
4(1660 1661 1673 1672)
4(1049 857 1062 1541)
4(1541 1062 1063 1553)
4(1553 1063 1064 1565)
4(1565 1064 1065 1577)
4(1577 1065 1066 1589)
4(1589 1066 1067 1601)
4(1601 1067 1068 1613)
4(1613 1068 1069 1625)
4(1625 1069 1070 1637)
4(1637 1070 1071 1649)
4(1649 1071 1072 1661)
4(1661 1072 1073 1673)
4(4 17 18 5)
4(17 30 31 18)
4(30 43 44 31)
4(43 56 57 44)
4(56 69 70 57)
4(69 82 83 70)
4(82 95 96 83)
4(95 108 109 96)
4(108 121 122 109)
4(121 134 135 122)
4(134 147 148 135)
4(147 2 160 148)
4(5 18 19 6)
4(18 31 32 19)
4(31 44 45 32)
4(44 57 58 45)
4(57 70 71 58)
4(70 83 84 71)
4(83 96 97 84)
4(96 109 110 97)
4(109 122 123 110)
4(122 135 136 123)
4(135 148 149 136)
4(148 160 161 149)
4(6 19 20 7)
4(19 32 33 20)
4(32 45 46 33)
4(45 58 59 46)
4(58 71 72 59)
4(71 84 85 72)
4(84 97 98 85)
4(97 110 111 98)
4(110 123 124 111)
4(123 136 137 124)
4(136 149 150 137)
4(149 161 162 150)
4(7 20 21 8)
4(20 33 34 21)
4(33 46 47 34)
4(46 59 60 47)
4(59 72 73 60)
4(72 85 86 73)
4(85 98 99 86)
4(98 111 112 99)
4(111 124 125 112)
4(124 137 138 125)
4(137 150 151 138)
4(150 162 163 151)
4(8 21 22 9)
4(21 34 35 22)
4(34 47 48 35)
4(47 60 61 48)
4(60 73 74 61)
4(73 86 87 74)
4(86 99 100 87)
4(99 112 113 100)
4(112 125 126 113)
4(125 138 139 126)
4(138 151 152 139)
4(151 163 164 152)
4(9 22 23 10)
4(22 35 36 23)
4(35 48 49 36)
4(48 61 62 49)
4(61 74 75 62)
4(74 87 88 75)
4(87 100 101 88)
4(100 113 114 101)
4(113 126 127 114)
4(126 139 140 127)
4(139 152 153 140)
4(152 164 165 153)
4(10 23 24 11)
4(23 36 37 24)
4(36 49 50 37)
4(49 62 63 50)
4(62 75 76 63)
4(75 88 89 76)
4(88 101 102 89)
4(101 114 115 102)
4(114 127 128 115)
4(127 140 141 128)
4(140 153 154 141)
4(153 165 166 154)
4(11 24 25 12)
4(24 37 38 25)
4(37 50 51 38)
4(50 63 64 51)
4(63 76 77 64)
4(76 89 90 77)
4(89 102 103 90)
4(102 115 116 103)
4(115 128 129 116)
4(128 141 142 129)
4(141 154 155 142)
4(154 166 167 155)
4(12 25 26 13)
4(25 38 39 26)
4(38 51 52 39)
4(51 64 65 52)
4(64 77 78 65)
4(77 90 91 78)
4(90 103 104 91)
4(103 116 117 104)
4(116 129 130 117)
4(129 142 143 130)
4(142 155 156 143)
4(155 167 168 156)
4(13 26 27 14)
4(26 39 40 27)
4(39 52 53 40)
4(52 65 66 53)
4(65 78 79 66)
4(78 91 92 79)
4(91 104 105 92)
4(104 117 118 105)
4(117 130 131 118)
4(130 143 144 131)
4(143 156 157 144)
4(156 168 169 157)
4(14 27 28 15)
4(27 40 41 28)
4(40 53 54 41)
4(53 66 67 54)
4(66 79 80 67)
4(79 92 93 80)
4(92 105 106 93)
4(105 118 119 106)
4(118 131 132 119)
4(131 144 145 132)
4(144 157 158 145)
4(157 169 170 158)
4(15 28 29 16)
4(28 41 42 29)
4(41 54 55 42)
4(54 67 68 55)
4(67 80 81 68)
4(80 93 94 81)
4(93 106 107 94)
4(106 119 120 107)
4(119 132 133 120)
4(132 145 146 133)
4(145 158 159 146)
4(158 170 171 159)
4(16 29 352 340)
4(29 42 364 352)
4(42 55 376 364)
4(55 68 388 376)
4(68 81 400 388)
4(81 94 412 400)
4(94 107 424 412)
4(107 120 436 424)
4(120 133 448 436)
4(133 146 460 448)
4(146 159 472 460)
4(159 171 484 472)
4(340 352 353 341)
4(352 364 365 353)
4(364 376 377 365)
4(376 388 389 377)
4(388 400 401 389)
4(400 412 413 401)
4(412 424 425 413)
4(424 436 437 425)
4(436 448 449 437)
4(448 460 461 449)
4(460 472 473 461)
4(472 484 485 473)
4(341 353 354 342)
4(353 365 366 354)
4(365 377 378 366)
4(377 389 390 378)
4(389 401 402 390)
4(401 413 414 402)
4(413 425 426 414)
4(425 437 438 426)
4(437 449 450 438)
4(449 461 462 450)
4(461 473 474 462)
4(473 485 486 474)
4(342 354 355 343)
4(354 366 367 355)
4(366 378 379 367)
4(378 390 391 379)
4(390 402 403 391)
4(402 414 415 403)
4(414 426 427 415)
4(426 438 439 427)
4(438 450 451 439)
4(450 462 463 451)
4(462 474 475 463)
4(474 486 487 475)
4(343 355 356 344)
4(355 367 368 356)
4(367 379 380 368)
4(379 391 392 380)
4(391 403 404 392)
4(403 415 416 404)
4(415 427 428 416)
4(427 439 440 428)
4(439 451 452 440)
4(451 463 464 452)
4(463 475 476 464)
4(475 487 488 476)
4(344 356 357 345)
4(356 368 369 357)
4(368 380 381 369)
4(380 392 393 381)
4(392 404 405 393)
4(404 416 417 405)
4(416 428 429 417)
4(428 440 441 429)
4(440 452 453 441)
4(452 464 465 453)
4(464 476 477 465)
4(476 488 489 477)
4(345 357 358 346)
4(357 369 370 358)
4(369 381 382 370)
4(381 393 394 382)
4(393 405 406 394)
4(405 417 418 406)
4(417 429 430 418)
4(429 441 442 430)
4(441 453 454 442)
4(453 465 466 454)
4(465 477 478 466)
4(477 489 490 478)
4(346 358 359 347)
4(358 370 371 359)
4(370 382 383 371)
4(382 394 395 383)
4(394 406 407 395)
4(406 418 419 407)
4(418 430 431 419)
4(430 442 443 431)
4(442 454 455 443)
4(454 466 467 455)
4(466 478 479 467)
4(478 490 491 479)
4(347 359 360 348)
4(359 371 372 360)
4(371 383 384 372)
4(383 395 396 384)
4(395 407 408 396)
4(407 419 420 408)
4(419 431 432 420)
4(431 443 444 432)
4(443 455 456 444)
4(455 467 468 456)
4(467 479 480 468)
4(479 491 492 480)
4(348 360 361 349)
4(360 372 373 361)
4(372 384 385 373)
4(384 396 397 385)
4(396 408 409 397)
4(408 420 421 409)
4(420 432 433 421)
4(432 444 445 433)
4(444 456 457 445)
4(456 468 469 457)
4(468 480 481 469)
4(480 492 493 481)
4(349 361 362 350)
4(361 373 374 362)
4(373 385 386 374)
4(385 397 398 386)
4(397 409 410 398)
4(409 421 422 410)
4(421 433 434 422)
4(433 445 446 434)
4(445 457 458 446)
4(457 469 470 458)
4(469 481 482 470)
4(481 493 494 482)
4(350 362 363 351)
4(362 374 375 363)
4(374 386 387 375)
4(386 398 399 387)
4(398 410 411 399)
4(410 422 423 411)
4(422 434 435 423)
4(434 446 447 435)
4(446 458 459 447)
4(458 470 471 459)
4(470 482 483 471)
4(482 494 0 483)
4(2 658 666 160)
4(658 659 678 666)
4(659 660 690 678)
4(660 661 702 690)
4(160 666 667 161)
4(666 678 679 667)
4(678 690 691 679)
4(690 702 703 691)
4(161 667 668 162)
4(667 679 680 668)
4(679 691 692 680)
4(691 703 704 692)
4(162 668 669 163)
4(668 680 681 669)
4(680 692 693 681)
4(692 704 705 693)
4(163 669 670 164)
4(669 681 682 670)
4(681 693 694 682)
4(693 705 706 694)
4(164 670 671 165)
4(670 682 683 671)
4(682 694 695 683)
4(694 706 707 695)
4(165 671 672 166)
4(671 683 684 672)
4(683 695 696 684)
4(695 707 708 696)
4(166 672 673 167)
4(672 684 685 673)
4(684 696 697 685)
4(696 708 709 697)
4(167 673 674 168)
4(673 685 686 674)
4(685 697 698 686)
4(697 709 710 698)
4(168 674 675 169)
4(674 686 687 675)
4(686 698 699 687)
4(698 710 711 699)
4(169 675 676 170)
4(675 687 688 676)
4(687 699 700 688)
4(699 711 712 700)
4(170 676 677 171)
4(676 688 689 677)
4(688 700 701 689)
4(700 712 713 701)
4(171 677 762 484)
4(677 689 773 762)
4(689 701 784 773)
4(701 713 795 784)
4(484 762 763 485)
4(762 773 774 763)
4(773 784 785 774)
4(784 795 796 785)
4(485 763 764 486)
4(763 774 775 764)
4(774 785 786 775)
4(785 796 797 786)
4(486 764 765 487)
4(764 775 776 765)
4(775 786 787 776)
4(786 797 798 787)
4(487 765 766 488)
4(765 776 777 766)
4(776 787 788 777)
4(787 798 799 788)
4(488 766 767 489)
4(766 777 778 767)
4(777 788 789 778)
4(788 799 800 789)
4(489 767 768 490)
4(767 778 779 768)
4(778 789 790 779)
4(789 800 801 790)
4(490 768 769 491)
4(768 779 780 769)
4(779 790 791 780)
4(790 801 802 791)
4(491 769 770 492)
4(769 780 781 770)
4(780 791 792 781)
4(791 802 803 792)
4(492 770 771 493)
4(770 781 782 771)
4(781 792 793 782)
4(792 803 804 793)
4(493 771 772 494)
4(771 782 783 772)
4(782 793 794 783)
4(793 804 805 794)
4(494 772 650 0)
4(772 783 651 650)
4(783 794 652 651)
4(794 805 653 652)
4(661 858 866 702)
4(858 859 878 866)
4(859 860 890 878)
4(860 861 902 890)
4(702 866 867 703)
4(866 878 879 867)
4(878 890 891 879)
4(890 902 903 891)
4(703 867 868 704)
4(867 879 880 868)
4(879 891 892 880)
4(891 903 904 892)
4(704 868 869 705)
4(868 880 881 869)
4(880 892 893 881)
4(892 904 905 893)
4(705 869 870 706)
4(869 881 882 870)
4(881 893 894 882)
4(893 905 906 894)
4(706 870 871 707)
4(870 882 883 871)
4(882 894 895 883)
4(894 906 907 895)
4(707 871 872 708)
4(871 883 884 872)
4(883 895 896 884)
4(895 907 908 896)
4(708 872 873 709)
4(872 884 885 873)
4(884 896 897 885)
4(896 908 909 897)
4(709 873 874 710)
4(873 885 886 874)
4(885 897 898 886)
4(897 909 910 898)
4(710 874 875 711)
4(874 886 887 875)
4(886 898 899 887)
4(898 910 911 899)
4(711 875 876 712)
4(875 887 888 876)
4(887 899 900 888)
4(899 911 912 900)
4(712 876 877 713)
4(876 888 889 877)
4(888 900 901 889)
4(900 912 913 901)
4(713 877 962 795)
4(877 889 973 962)
4(889 901 984 973)
4(901 913 995 984)
4(795 962 963 796)
4(962 973 974 963)
4(973 984 985 974)
4(984 995 996 985)
4(796 963 964 797)
4(963 974 975 964)
4(974 985 986 975)
4(985 996 997 986)
4(797 964 965 798)
4(964 975 976 965)
4(975 986 987 976)
4(986 997 998 987)
4(798 965 966 799)
4(965 976 977 966)
4(976 987 988 977)
4(987 998 999 988)
4(799 966 967 800)
4(966 977 978 967)
4(977 988 989 978)
4(988 999 1000 989)
4(800 967 968 801)
4(967 978 979 968)
4(978 989 990 979)
4(989 1000 1001 990)
4(801 968 969 802)
4(968 979 980 969)
4(979 990 991 980)
4(990 1001 1002 991)
4(802 969 970 803)
4(969 980 981 970)
4(980 991 992 981)
4(991 1002 1003 992)
4(803 970 971 804)
4(970 981 982 971)
4(981 992 993 982)
4(992 1003 1004 993)
4(804 971 972 805)
4(971 982 983 972)
4(982 993 994 983)
4(993 1004 1005 994)
4(805 972 850 653)
4(972 983 851 850)
4(983 994 852 851)
4(994 1005 853 852)
4(861 1074 1098 902)
4(1074 1075 1110 1098)
4(1075 1076 1122 1110)
4(1076 1077 1134 1122)
4(1077 1078 1146 1134)
4(1078 1079 1158 1146)
4(1079 1080 1170 1158)
4(1080 1081 1182 1170)
4(1081 1082 1194 1182)
4(1082 1083 1206 1194)
4(1083 1084 1218 1206)
4(1084 1085 1230 1218)
4(902 1098 1099 903)
4(1098 1110 1111 1099)
4(1110 1122 1123 1111)
4(1122 1134 1135 1123)
4(1134 1146 1147 1135)
4(1146 1158 1159 1147)
4(1158 1170 1171 1159)
4(1170 1182 1183 1171)
4(1182 1194 1195 1183)
4(1194 1206 1207 1195)
4(1206 1218 1219 1207)
4(1218 1230 1231 1219)
4(903 1099 1100 904)
4(1099 1111 1112 1100)
4(1111 1123 1124 1112)
4(1123 1135 1136 1124)
4(1135 1147 1148 1136)
4(1147 1159 1160 1148)
4(1159 1171 1172 1160)
4(1171 1183 1184 1172)
4(1183 1195 1196 1184)
4(1195 1207 1208 1196)
4(1207 1219 1220 1208)
4(1219 1231 1232 1220)
4(904 1100 1101 905)
4(1100 1112 1113 1101)
4(1112 1124 1125 1113)
4(1124 1136 1137 1125)
4(1136 1148 1149 1137)
4(1148 1160 1161 1149)
4(1160 1172 1173 1161)
4(1172 1184 1185 1173)
4(1184 1196 1197 1185)
4(1196 1208 1209 1197)
4(1208 1220 1221 1209)
4(1220 1232 1233 1221)
4(905 1101 1102 906)
4(1101 1113 1114 1102)
4(1113 1125 1126 1114)
4(1125 1137 1138 1126)
4(1137 1149 1150 1138)
4(1149 1161 1162 1150)
4(1161 1173 1174 1162)
4(1173 1185 1186 1174)
4(1185 1197 1198 1186)
4(1197 1209 1210 1198)
4(1209 1221 1222 1210)
4(1221 1233 1234 1222)
4(906 1102 1103 907)
4(1102 1114 1115 1103)
4(1114 1126 1127 1115)
4(1126 1138 1139 1127)
4(1138 1150 1151 1139)
4(1150 1162 1163 1151)
4(1162 1174 1175 1163)
4(1174 1186 1187 1175)
4(1186 1198 1199 1187)
4(1198 1210 1211 1199)
4(1210 1222 1223 1211)
4(1222 1234 1235 1223)
4(907 1103 1104 908)
4(1103 1115 1116 1104)
4(1115 1127 1128 1116)
4(1127 1139 1140 1128)
4(1139 1151 1152 1140)
4(1151 1163 1164 1152)
4(1163 1175 1176 1164)
4(1175 1187 1188 1176)
4(1187 1199 1200 1188)
4(1199 1211 1212 1200)
4(1211 1223 1224 1212)
4(1223 1235 1236 1224)
4(908 1104 1105 909)
4(1104 1116 1117 1105)
4(1116 1128 1129 1117)
4(1128 1140 1141 1129)
4(1140 1152 1153 1141)
4(1152 1164 1165 1153)
4(1164 1176 1177 1165)
4(1176 1188 1189 1177)
4(1188 1200 1201 1189)
4(1200 1212 1213 1201)
4(1212 1224 1225 1213)
4(1224 1236 1237 1225)
4(909 1105 1106 910)
4(1105 1117 1118 1106)
4(1117 1129 1130 1118)
4(1129 1141 1142 1130)
4(1141 1153 1154 1142)
4(1153 1165 1166 1154)
4(1165 1177 1178 1166)
4(1177 1189 1190 1178)
4(1189 1201 1202 1190)
4(1201 1213 1214 1202)
4(1213 1225 1226 1214)
4(1225 1237 1238 1226)
4(910 1106 1107 911)
4(1106 1118 1119 1107)
4(1118 1130 1131 1119)
4(1130 1142 1143 1131)
4(1142 1154 1155 1143)
4(1154 1166 1167 1155)
4(1166 1178 1179 1167)
4(1178 1190 1191 1179)
4(1190 1202 1203 1191)
4(1202 1214 1215 1203)
4(1214 1226 1227 1215)
4(1226 1238 1239 1227)
4(911 1107 1108 912)
4(1107 1119 1120 1108)
4(1119 1131 1132 1120)
4(1131 1143 1144 1132)
4(1143 1155 1156 1144)
4(1155 1167 1168 1156)
4(1167 1179 1180 1168)
4(1179 1191 1192 1180)
4(1191 1203 1204 1192)
4(1203 1215 1216 1204)
4(1215 1227 1228 1216)
4(1227 1239 1240 1228)
4(912 1108 1109 913)
4(1108 1120 1121 1109)
4(1120 1132 1133 1121)
4(1132 1144 1145 1133)
4(1144 1156 1157 1145)
4(1156 1168 1169 1157)
4(1168 1180 1181 1169)
4(1180 1192 1193 1181)
4(1192 1204 1205 1193)
4(1204 1216 1217 1205)
4(1216 1228 1229 1217)
4(1228 1240 1241 1229)
4(913 1386 1387 995)
4(1386 1398 1399 1387)
4(1398 1410 1411 1399)
4(1410 1422 1423 1411)
4(1422 1434 1435 1423)
4(1434 1446 1447 1435)
4(1446 1458 1459 1447)
4(1458 1470 1471 1459)
4(1470 1482 1483 1471)
4(1482 1494 1495 1483)
4(1494 1506 1507 1495)
4(1506 1518 1519 1507)
4(995 1387 1388 996)
4(1387 1399 1400 1388)
4(1399 1411 1412 1400)
4(1411 1423 1424 1412)
4(1423 1435 1436 1424)
4(1435 1447 1448 1436)
4(1447 1459 1460 1448)
4(1459 1471 1472 1460)
4(1471 1483 1484 1472)
4(1483 1495 1496 1484)
4(1495 1507 1508 1496)
4(1507 1519 1520 1508)
4(996 1388 1389 997)
4(1388 1400 1401 1389)
4(1400 1412 1413 1401)
4(1412 1424 1425 1413)
4(1424 1436 1437 1425)
4(1436 1448 1449 1437)
4(1448 1460 1461 1449)
4(1460 1472 1473 1461)
4(1472 1484 1485 1473)
4(1484 1496 1497 1485)
4(1496 1508 1509 1497)
4(1508 1520 1521 1509)
4(997 1389 1390 998)
4(1389 1401 1402 1390)
4(1401 1413 1414 1402)
4(1413 1425 1426 1414)
4(1425 1437 1438 1426)
4(1437 1449 1450 1438)
4(1449 1461 1462 1450)
4(1461 1473 1474 1462)
4(1473 1485 1486 1474)
4(1485 1497 1498 1486)
4(1497 1509 1510 1498)
4(1509 1521 1522 1510)
4(998 1390 1391 999)
4(1390 1402 1403 1391)
4(1402 1414 1415 1403)
4(1414 1426 1427 1415)
4(1426 1438 1439 1427)
4(1438 1450 1451 1439)
4(1450 1462 1463 1451)
4(1462 1474 1475 1463)
4(1474 1486 1487 1475)
4(1486 1498 1499 1487)
4(1498 1510 1511 1499)
4(1510 1522 1523 1511)
4(999 1391 1392 1000)
4(1391 1403 1404 1392)
4(1403 1415 1416 1404)
4(1415 1427 1428 1416)
4(1427 1439 1440 1428)
4(1439 1451 1452 1440)
4(1451 1463 1464 1452)
4(1463 1475 1476 1464)
4(1475 1487 1488 1476)
4(1487 1499 1500 1488)
4(1499 1511 1512 1500)
4(1511 1523 1524 1512)
4(1000 1392 1393 1001)
4(1392 1404 1405 1393)
4(1404 1416 1417 1405)
4(1416 1428 1429 1417)
4(1428 1440 1441 1429)
4(1440 1452 1453 1441)
4(1452 1464 1465 1453)
4(1464 1476 1477 1465)
4(1476 1488 1489 1477)
4(1488 1500 1501 1489)
4(1500 1512 1513 1501)
4(1512 1524 1525 1513)
4(1001 1393 1394 1002)
4(1393 1405 1406 1394)
4(1405 1417 1418 1406)
4(1417 1429 1430 1418)
4(1429 1441 1442 1430)
4(1441 1453 1454 1442)
4(1453 1465 1466 1454)
4(1465 1477 1478 1466)
4(1477 1489 1490 1478)
4(1489 1501 1502 1490)
4(1501 1513 1514 1502)
4(1513 1525 1526 1514)
4(1002 1394 1395 1003)
4(1394 1406 1407 1395)
4(1406 1418 1419 1407)
4(1418 1430 1431 1419)
4(1430 1442 1443 1431)
4(1442 1454 1455 1443)
4(1454 1466 1467 1455)
4(1466 1478 1479 1467)
4(1478 1490 1491 1479)
4(1490 1502 1503 1491)
4(1502 1514 1515 1503)
4(1514 1526 1527 1515)
4(1003 1395 1396 1004)
4(1395 1407 1408 1396)
4(1407 1419 1420 1408)
4(1419 1431 1432 1420)
4(1431 1443 1444 1432)
4(1443 1455 1456 1444)
4(1455 1467 1468 1456)
4(1467 1479 1480 1468)
4(1479 1491 1492 1480)
4(1491 1503 1504 1492)
4(1503 1515 1516 1504)
4(1515 1527 1528 1516)
4(1004 1396 1397 1005)
4(1396 1408 1409 1397)
4(1408 1420 1421 1409)
4(1420 1432 1433 1421)
4(1432 1444 1445 1433)
4(1444 1456 1457 1445)
4(1456 1468 1469 1457)
4(1468 1480 1481 1469)
4(1480 1492 1493 1481)
4(1492 1504 1505 1493)
4(1504 1516 1517 1505)
4(1516 1528 1529 1517)
4(1005 1397 1050 853)
4(1397 1409 1051 1050)
4(1409 1421 1052 1051)
4(1421 1433 1053 1052)
4(1433 1445 1054 1053)
4(1445 1457 1055 1054)
4(1457 1469 1056 1055)
4(1469 1481 1057 1056)
4(1481 1493 1058 1057)
4(1493 1505 1059 1058)
4(1505 1517 1060 1059)
4(1517 1529 1061 1060)
4(0 650 654 1)
4(650 651 655 654)
4(651 652 656 655)
4(652 653 657 656)
4(653 850 854 657)
4(850 851 855 854)
4(851 852 856 855)
4(852 853 857 856)
4(853 1050 1062 857)
4(1050 1051 1063 1062)
4(1051 1052 1064 1063)
4(1052 1053 1065 1064)
4(1053 1054 1066 1065)
4(1054 1055 1067 1066)
4(1055 1056 1068 1067)
4(1056 1057 1069 1068)
4(1057 1058 1070 1069)
4(1058 1059 1071 1070)
4(1059 1060 1072 1071)
4(1060 1061 1073 1072)
4(2 3 662 658)
4(658 662 663 659)
4(659 663 664 660)
4(660 664 665 661)
4(661 665 862 858)
4(858 862 863 859)
4(859 863 864 860)
4(860 864 865 861)
4(861 865 1086 1074)
4(1074 1086 1087 1075)
4(1075 1087 1088 1076)
4(1076 1088 1089 1077)
4(1077 1089 1090 1078)
4(1078 1090 1091 1079)
4(1079 1091 1092 1080)
4(1080 1092 1093 1081)
4(1081 1093 1094 1082)
4(1082 1094 1095 1083)
4(1083 1095 1096 1084)
4(1084 1096 1097 1085)
)


// ************************************************************************* //
